46,46,0.0
46,12,8.5230761475
46,20,999
46,1,7.05361
46,23,999
46,9,9.5230761475
46,49,34.32837
46,26,4.37007
46,6,7.0230761475
46,57,999
46,35,999
46,37,6.9411385
46,22,999
46,44,999
46,25,5.37007
46,42,5.87007
46,30,11.20388
46,21,5.80245
46,50,999
46,14,7.61356
46,38,6.87007
46,32,12.20388
46,51,7.36463
46,24,27.5142761475
46,40,7.11751
46,55,16.048413
46,54,6.47948
46,41,17.01624
46,39,999
46,3,999
46,43,999
46,13,999
46,29,999
46,16,6.36463
46,28,999
46,47,0.114973
46,56,15.85303
46,18,10.80889
46,33,999
46,27,999
46,10,7.9539511475
12,46,8.5230761475
12,12,0.0
12,20,999
12,1,4.44005
12,23,999
12,9,1.0
12,49,39.94193
12,26,9.98363
12,6,1.5
12,57,999
12,35,999
12,37,11.5546985
12,22,999
12,44,999
12,25,8.98363
12,42,11.48363
12,30,15.81744
12,21,13.41601
12,50,999
12,14,1.0
12,38,11.48363
12,32,16.81744
12,51,12.97819
12,24,21.9912
12,40,10.73107
12,55,8.434853
12,54,12.09304
12,41,9.40268
12,39,999
12,3,999
12,43,999
12,13,999
12,29,999
12,16,11.97819
12,28,999
12,47,8.6380491475
12,56,8.23947
12,18,18.42245
12,33,999
12,27,999
12,10,2.430875
20,46,999
20,12,999
20,20,0.0
20,1,999
20,23,999
20,9,999
20,49,999
20,26,999
20,6,999
20,57,999
20,35,999
20,37,999
20,22,999
20,44,999
20,25,999
20,42,999
20,30,999
20,21,999
20,50,999
20,14,999
20,38,999
20,32,999
20,51,999
20,24,999
20,40,999
20,55,999
20,54,999
20,41,999
20,39,999
20,3,999
20,43,999
20,13,999
20,29,999
20,16,999
20,28,999
20,47,999
20,56,999
20,18,999
20,33,999
20,27,999
20,10,999
1,46,7.05361
1,12,4.44005
1,20,999
1,1,0.0
1,23,999
1,9,5.44005
1,49,41.38198
1,26,11.42368
1,6,2.94005
1,57,999
1,35,999
1,37,13.9947485
1,22,999
1,44,999
1,25,12.42368
1,42,12.92368
1,30,18.25749
1,21,12.85606
1,50,999
1,14,5.44005
1,38,13.92368
1,32,19.25749
1,51,14.41824
1,24,23.43125
1,40,14.17112
1,55,12.874903
1,54,13.53309
1,41,13.84273
1,39,999
1,3,999
1,43,999
1,13,999
1,29,999
1,16,13.41824
1,28,999
1,47,7.168583
1,56,12.67952
1,18,17.8625
1,33,999
1,27,999
1,10,3.870925
23,46,999
23,12,999
23,20,999
23,1,999
23,23,0.0
23,9,999
23,49,999
23,26,999
23,6,999
23,57,999
23,35,999
23,37,999
23,22,999
23,44,999
23,25,999
23,42,999
23,30,999
23,21,999
23,50,999
23,14,999
23,38,999
23,32,999
23,51,999
23,24,999
23,40,999
23,55,999
23,54,999
23,41,999
23,39,999
23,3,999
23,43,999
23,13,999
23,29,999
23,16,999
23,28,999
23,47,999
23,56,999
23,18,999
23,33,999
23,27,999
23,10,999
9,46,9.5230761475
9,12,1.0
9,20,999
9,1,5.44005
9,23,999
9,9,0.0
9,49,40.94193
9,26,10.98363
9,6,2.5
9,57,999
9,35,999
9,37,12.5546985
9,22,999
9,44,999
9,25,9.98363
9,42,12.48363
9,30,16.81744
9,21,14.41601
9,50,999
9,14,2.0
9,38,12.48363
9,32,17.81744
9,51,13.97819
9,24,22.9912
9,40,11.73107
9,55,9.434853
9,54,13.09304
9,41,10.40268
9,39,999
9,3,999
9,43,999
9,13,999
9,29,999
9,16,12.97819
9,28,999
9,47,9.6380491475
9,56,9.23947
9,18,19.42245
9,33,999
9,27,999
9,10,3.430875
49,46,34.32837
49,12,39.94193
49,20,999
49,1,41.38198
49,23,999
49,9,40.94193
49,49,0.0
49,26,29.9583
49,6,41.3514461475
49,57,999
49,35,999
49,37,29.5293685
49,22,999
49,44,999
49,25,30.9583
49,42,28.4583
49,30,33.79211
49,21,32.39068
49,50,999
49,14,38.94193
49,38,29.4583
49,32,34.79211
49,51,29.95286
49,24,61.8426461475
49,40,32.70574
49,55,47.376783
49,54,29.06771
49,41,48.34461
49,39,999
49,3,999
49,43,999
49,13,999
49,29,999
49,16,28.95286
49,28,999
49,47,34.443343
49,56,47.1814
49,18,36.39712
49,33,999
49,27,999
49,10,42.2823211475
26,46,4.37007
26,12,9.98363
26,20,999
26,1,11.42368
26,23,999
26,9,10.98363
26,49,29.9583
26,26,0.0
26,6,11.3931461475
26,57,999
26,35,999
26,37,2.5710685
26,22,999
26,44,999
26,25,1.0
26,42,1.5
26,30,6.83381
26,21,3.43238
26,50,999
26,14,8.98363
26,38,2.5
26,32,7.83381
26,51,2.99456
26,24,31.8843461475
26,40,2.74744
26,55,17.418483
26,54,2.10941
26,41,18.38631
26,39,999
26,3,999
26,43,999
26,13,999
26,29,999
26,16,1.99456
26,28,999
26,47,4.485043
26,56,17.2231
26,18,8.43882
26,33,999
26,27,999
26,10,12.3240211475
6,46,7.0230761475
6,12,1.5
6,20,999
6,1,2.94005
6,23,999
6,9,2.5
6,49,41.3514461475
6,26,11.3931461475
6,6,0.0
6,57,999
6,35,999
6,37,13.0546985
6,22,999
6,44,999
6,25,10.48363
6,42,12.8931461475
6,30,17.31744
6,21,12.8255261475
6,50,999
6,14,2.5
6,38,12.98363
6,32,18.31744
6,51,14.3877061475
6,24,20.4912
6,40,12.23107
6,55,9.934853
6,54,13.5025561475
6,41,10.90268
6,39,999
6,3,999
6,43,999
6,13,999
6,29,999
6,16,13.3877061475
6,28,999
6,47,7.1380491475
6,56,9.73947
6,18,17.8319661475
6,33,999
6,27,999
6,10,0.930875
57,46,999
57,12,999
57,20,999
57,1,999
57,23,999
57,9,999
57,49,999
57,26,999
57,6,999
57,57,0.0
57,35,999
57,37,999
57,22,999
57,44,999
57,25,999
57,42,999
57,30,999
57,21,999
57,50,999
57,14,999
57,38,999
57,32,999
57,51,999
57,24,999
57,40,999
57,55,999
57,54,999
57,41,999
57,39,999
57,3,999
57,43,999
57,13,999
57,29,999
57,16,999
57,28,999
57,47,999
57,56,999
57,18,999
57,33,999
57,27,999
57,10,999
35,46,999
35,12,999
35,20,999
35,1,999
35,23,999
35,9,999
35,49,999
35,26,999
35,6,999
35,57,999
35,35,0.0
35,37,999
35,22,999
35,44,999
35,25,999
35,42,999
35,30,999
35,21,999
35,50,999
35,14,999
35,38,999
35,32,999
35,51,999
35,24,999
35,40,999
35,55,999
35,54,999
35,41,999
35,39,999
35,3,999
35,43,999
35,13,999
35,29,999
35,16,999
35,28,999
35,47,999
35,56,999
35,18,999
35,33,999
35,27,999
35,10,999
37,46,6.9411385
37,12,11.5546985
37,20,999
37,1,13.9947485
37,23,999
37,9,12.5546985
37,49,29.5293685
37,26,2.5710685
37,6,13.0546985
37,57,999
37,35,999
37,37,0.0
37,22,999
37,44,999
37,25,2.5710685
37,42,1.0710685
37,30,4.4048785
37,21,5.0034485
37,50,999
37,14,10.5546985
37,38,0.0710685
37,32,5.4048785
37,51,2.5656285
37,24,33.5458985
37,40,3.3185085
37,55,18.9895515
37,54,1.6804785
37,41,19.9573785
37,39,999
37,3,999
37,43,999
37,13,999
37,29,999
37,16,1.5656285
37,28,999
37,47,7.0561115
37,56,18.7941685
37,18,9.0098885
37,33,999
37,27,999
37,10,13.9855735
22,46,999
22,12,999
22,20,999
22,1,999
22,23,999
22,9,999
22,49,999
22,26,999
22,6,999
22,57,999
22,35,999
22,37,999
22,22,0.0
22,44,999
22,25,999
22,42,999
22,30,999
22,21,999
22,50,999
22,14,999
22,38,999
22,32,999
22,51,999
22,24,999
22,40,999
22,55,999
22,54,999
22,41,999
22,39,999
22,3,999
22,43,999
22,13,999
22,29,999
22,16,999
22,28,999
22,47,999
22,56,999
22,18,999
22,33,999
22,27,999
22,10,999
44,46,999
44,12,999
44,20,999
44,1,999
44,23,999
44,9,999
44,49,999
44,26,999
44,6,999
44,57,999
44,35,999
44,37,999
44,22,999
44,44,0.0
44,25,999
44,42,999
44,30,999
44,21,999
44,50,999
44,14,999
44,38,999
44,32,999
44,51,999
44,24,999
44,40,999
44,55,999
44,54,999
44,41,999
44,39,999
44,3,999
44,43,999
44,13,999
44,29,999
44,16,999
44,28,999
44,47,999
44,56,999
44,18,999
44,33,999
44,27,999
44,10,999
25,46,5.37007
25,12,8.98363
25,20,999
25,1,12.42368
25,23,999
25,9,9.98363
25,49,30.9583
25,26,1.0
25,6,10.48363
25,57,999
25,35,999
25,37,2.5710685
25,22,999
25,44,999
25,25,0.0
25,42,2.5
25,30,6.83381
25,21,4.43238
25,50,999
25,14,7.98363
25,38,2.5
25,32,7.83381
25,51,3.99456
25,24,30.97483
25,40,1.74744
25,55,16.418483
25,54,3.10941
25,41,17.38631
25,39,999
25,3,999
25,43,999
25,13,999
25,29,999
25,16,2.99456
25,28,999
25,47,5.485043
25,56,16.2231
25,18,9.43882
25,33,999
25,27,999
25,10,11.414505
42,46,5.87007
42,12,11.48363
42,20,999
42,1,12.92368
42,23,999
42,9,12.48363
42,49,28.4583
42,26,1.5
42,6,12.8931461475
42,57,999
42,35,999
42,37,1.0710685
42,22,999
42,44,999
42,25,2.5
42,42,0.0
42,30,5.33381
42,21,3.93238
42,50,999
42,14,10.48363
42,38,1.0
42,32,6.33381
42,51,1.49456
42,24,33.3843461475
42,40,4.24744
42,55,18.918483
42,54,0.60941
42,41,19.88631
42,39,999
42,3,999
42,43,999
42,13,999
42,29,999
42,16,0.49456
42,28,999
42,47,5.985043
42,56,18.7231
42,18,7.93882
42,33,999
42,27,999
42,10,13.8240211475
30,46,11.20388
30,12,15.81744
30,20,999
30,1,18.25749
30,23,999
30,9,16.81744
30,49,33.79211
30,26,6.83381
30,6,17.31744
30,57,999
30,35,999
30,37,4.4048785
30,22,999
30,44,999
30,25,6.83381
30,42,5.33381
30,30,0.0
30,21,9.26619
30,50,999
30,14,14.81744
30,38,4.33381
30,32,1.0
30,51,6.82837
30,24,37.80864
30,40,7.58125
30,55,23.252293
30,54,5.94322
30,41,24.22012
30,39,999
30,3,999
30,43,999
30,13,999
30,29,999
30,16,5.82837
30,28,999
30,47,11.318853
30,56,23.05691
30,18,13.27263
30,33,999
30,27,999
30,10,18.248315
21,46,5.80245
21,12,13.41601
21,20,999
21,1,12.85606
21,23,999
21,9,14.41601
21,49,32.39068
21,26,3.43238
21,6,12.8255261475
21,57,999
21,35,999
21,37,5.0034485
21,22,999
21,44,999
21,25,4.43238
21,42,3.93238
21,30,9.26619
21,21,0.0
21,50,999
21,14,12.41601
21,38,4.93238
21,32,10.26619
21,51,4.43782
21,24,33.3167261475
21,40,6.17982
21,55,20.850863
21,54,3.55267
21,41,21.81869
21,39,999
21,3,999
21,43,999
21,13,999
21,29,999
21,16,3.43782
21,28,999
21,47,5.917423
21,56,20.65548
21,18,5.00644
21,33,999
21,27,999
21,10,13.7564011475
50,46,999
50,12,999
50,20,999
50,1,999
50,23,999
50,9,999
50,49,999
50,26,999
50,6,999
50,57,999
50,35,999
50,37,999
50,22,999
50,44,999
50,25,999
50,42,999
50,30,999
50,21,999
50,50,0.0
50,14,999
50,38,999
50,32,999
50,51,999
50,24,999
50,40,999
50,55,999
50,54,999
50,41,999
50,39,999
50,3,999
50,43,999
50,13,999
50,29,999
50,16,999
50,28,999
50,47,999
50,56,999
50,18,999
50,33,999
50,27,999
50,10,999
14,46,7.61356
14,12,1.0
14,20,999
14,1,5.44005
14,23,999
14,9,2.0
14,49,38.94193
14,26,8.98363
14,6,2.5
14,57,999
14,35,999
14,37,10.5546985
14,22,999
14,44,999
14,25,7.98363
14,42,10.48363
14,30,14.81744
14,21,12.41601
14,50,999
14,14,0.0
14,38,10.48363
14,32,15.81744
14,51,11.97819
14,24,22.9912
14,40,9.73107
14,55,8.434853
14,54,11.09304
14,41,9.40268
14,39,999
14,3,999
14,43,999
14,13,999
14,29,999
14,16,10.97819
14,28,999
14,47,7.728533
14,56,8.23947
14,18,17.42245
14,33,999
14,27,999
14,10,3.430875
38,46,6.87007
38,12,11.48363
38,20,999
38,1,13.92368
38,23,999
38,9,12.48363
38,49,29.4583
38,26,2.5
38,6,12.98363
38,57,999
38,35,999
38,37,0.0710685
38,22,999
38,44,999
38,25,2.5
38,42,1.0
38,30,4.33381
38,21,4.93238
38,50,999
38,14,10.48363
38,38,0.0
38,32,5.33381
38,51,2.49456
38,24,33.47483
38,40,3.24744
38,55,18.918483
38,54,1.60941
38,41,19.88631
38,39,999
38,3,999
38,43,999
38,13,999
38,29,999
38,16,1.49456
38,28,999
38,47,6.985043
38,56,18.7231
38,18,8.93882
38,33,999
38,27,999
38,10,13.914505
32,46,12.20388
32,12,16.81744
32,20,999
32,1,19.25749
32,23,999
32,9,17.81744
32,49,34.79211
32,26,7.83381
32,6,18.31744
32,57,999
32,35,999
32,37,5.4048785
32,22,999
32,44,999
32,25,7.83381
32,42,6.33381
32,30,1.0
32,21,10.26619
32,50,999
32,14,15.81744
32,38,5.33381
32,32,0.0
32,51,7.82837
32,24,38.80864
32,40,8.58125
32,55,24.252293
32,54,6.94322
32,41,25.22012
32,39,999
32,3,999
32,43,999
32,13,999
32,29,999
32,16,6.82837
32,28,999
32,47,12.318853
32,56,24.05691
32,18,14.27263
32,33,999
32,27,999
32,10,19.248315
51,46,7.36463
51,12,12.97819
51,20,999
51,1,14.41824
51,23,999
51,9,13.97819
51,49,29.95286
51,26,2.99456
51,6,14.3877061475
51,57,999
51,35,999
51,37,2.5656285
51,22,999
51,44,999
51,25,3.99456
51,42,1.49456
51,30,6.82837
51,21,4.43782
51,50,999
51,14,11.97819
51,38,2.49456
51,32,7.82837
51,51,0.0
51,24,34.8789061475
51,40,5.742
51,55,20.413043
51,54,1.11485
51,41,21.38087
51,39,999
51,3,999
51,43,999
51,13,999
51,29,999
51,16,1.0
51,28,999
51,47,7.479603
51,56,20.21766
51,18,8.44426
51,33,999
51,27,999
51,10,15.3185811475
24,46,27.5142761475
24,12,21.9912
24,20,999
24,1,23.43125
24,23,999
24,9,22.9912
24,49,61.8426461475
24,26,31.8843461475
24,6,20.4912
24,57,999
24,35,999
24,37,33.5458985
24,22,999
24,44,999
24,25,30.97483
24,42,33.3843461475
24,30,37.80864
24,21,33.3167261475
24,50,999
24,14,22.9912
24,38,33.47483
24,32,38.80864
24,51,34.8789061475
24,24,0.0
24,40,32.72227
24,55,30.426053
24,54,33.9937561475
24,41,31.39388
24,39,999
24,3,999
24,43,999
24,13,999
24,29,999
24,16,33.8789061475
24,28,999
24,47,27.6292491475
24,56,30.23067
24,18,38.3231661475
24,33,999
24,27,999
24,10,21.422075
40,46,7.11751
40,12,10.73107
40,20,999
40,1,14.17112
40,23,999
40,9,11.73107
40,49,32.70574
40,26,2.74744
40,6,12.23107
40,57,999
40,35,999
40,37,3.3185085
40,22,999
40,44,999
40,25,1.74744
40,42,4.24744
40,30,7.58125
40,21,6.17982
40,50,999
40,14,9.73107
40,38,3.24744
40,32,8.58125
40,51,5.742
40,24,32.72227
40,40,0.0
40,55,18.165923
40,54,4.85685
40,41,19.13375
40,39,999
40,3,999
40,43,999
40,13,999
40,29,999
40,16,4.742
40,28,999
40,47,7.232483
40,56,17.97054
40,18,11.18626
40,33,999
40,27,999
40,10,13.161945
55,46,16.048413
55,12,8.434853
55,20,999
55,1,12.874903
55,23,999
55,9,9.434853
55,49,47.376783
55,26,17.418483
55,6,9.934853
55,57,999
55,35,999
55,37,18.9895515
55,22,999
55,44,999
55,25,16.418483
55,42,18.918483
55,30,23.252293
55,21,20.850863
55,50,999
55,14,8.434853
55,38,18.918483
55,32,24.252293
55,51,20.413043
55,24,30.426053
55,40,18.165923
55,55,0.0
55,54,19.527893
55,41,1.358593
55,39,999
55,3,999
55,43,999
55,13,999
55,29,999
55,16,19.413043
55,28,999
55,47,16.163386
55,56,0.195383
55,18,25.857303
55,33,999
55,27,999
55,10,10.865728
54,46,6.47948
54,12,12.09304
54,20,999
54,1,13.53309
54,23,999
54,9,13.09304
54,49,29.06771
54,26,2.10941
54,6,13.5025561475
54,57,999
54,35,999
54,37,1.6804785
54,22,999
54,44,999
54,25,3.10941
54,42,0.60941
54,30,5.94322
54,21,3.55267
54,50,999
54,14,11.09304
54,38,1.60941
54,32,6.94322
54,51,1.11485
54,24,33.9937561475
54,40,4.85685
54,55,19.527893
54,54,0.0
54,41,20.49572
54,39,999
54,3,999
54,43,999
54,13,999
54,29,999
54,16,0.11485
54,28,999
54,47,6.594453
54,56,19.33251
54,18,7.55911
54,33,999
54,27,999
54,10,14.4334311475
41,46,17.01624
41,12,9.40268
41,20,999
41,1,13.84273
41,23,999
41,9,10.40268
41,49,48.34461
41,26,18.38631
41,6,10.90268
41,57,999
41,35,999
41,37,19.9573785
41,22,999
41,44,999
41,25,17.38631
41,42,19.88631
41,30,24.22012
41,21,21.81869
41,50,999
41,14,9.40268
41,38,19.88631
41,32,25.22012
41,51,21.38087
41,24,31.39388
41,40,19.13375
41,55,1.358593
41,54,20.49572
41,41,0.0
41,39,999
41,3,999
41,43,999
41,13,999
41,29,999
41,16,20.38087
41,28,999
41,47,17.131213
41,56,1.16321
41,18,26.82513
41,33,999
41,27,999
41,10,11.833555
39,46,999
39,12,999
39,20,999
39,1,999
39,23,999
39,9,999
39,49,999
39,26,999
39,6,999
39,57,999
39,35,999
39,37,999
39,22,999
39,44,999
39,25,999
39,42,999
39,30,999
39,21,999
39,50,999
39,14,999
39,38,999
39,32,999
39,51,999
39,24,999
39,40,999
39,55,999
39,54,999
39,41,999
39,39,0.0
39,3,999
39,43,999
39,13,999
39,29,999
39,16,999
39,28,999
39,47,999
39,56,999
39,18,999
39,33,999
39,27,999
39,10,999
3,46,999
3,12,999
3,20,999
3,1,999
3,23,999
3,9,999
3,49,999
3,26,999
3,6,999
3,57,999
3,35,999
3,37,999
3,22,999
3,44,999
3,25,999
3,42,999
3,30,999
3,21,999
3,50,999
3,14,999
3,38,999
3,32,999
3,51,999
3,24,999
3,40,999
3,55,999
3,54,999
3,41,999
3,39,999
3,3,0.0
3,43,999
3,13,999
3,29,999
3,16,999
3,28,999
3,47,999
3,56,999
3,18,999
3,33,999
3,27,999
3,10,999
43,46,999
43,12,999
43,20,999
43,1,999
43,23,999
43,9,999
43,49,999
43,26,999
43,6,999
43,57,999
43,35,999
43,37,999
43,22,999
43,44,999
43,25,999
43,42,999
43,30,999
43,21,999
43,50,999
43,14,999
43,38,999
43,32,999
43,51,999
43,24,999
43,40,999
43,55,999
43,54,999
43,41,999
43,39,999
43,3,999
43,43,0.0
43,13,999
43,29,999
43,16,999
43,28,999
43,47,999
43,56,999
43,18,999
43,33,999
43,27,999
43,10,999
13,46,999
13,12,999
13,20,999
13,1,999
13,23,999
13,9,999
13,49,999
13,26,999
13,6,999
13,57,999
13,35,999
13,37,999
13,22,999
13,44,999
13,25,999
13,42,999
13,30,999
13,21,999
13,50,999
13,14,999
13,38,999
13,32,999
13,51,999
13,24,999
13,40,999
13,55,999
13,54,999
13,41,999
13,39,999
13,3,999
13,43,999
13,13,0.0
13,29,999
13,16,999
13,28,999
13,47,999
13,56,999
13,18,999
13,33,999
13,27,999
13,10,999
29,46,999
29,12,999
29,20,999
29,1,999
29,23,999
29,9,999
29,49,999
29,26,999
29,6,999
29,57,999
29,35,999
29,37,999
29,22,999
29,44,999
29,25,999
29,42,999
29,30,999
29,21,999
29,50,999
29,14,999
29,38,999
29,32,999
29,51,999
29,24,999
29,40,999
29,55,999
29,54,999
29,41,999
29,39,999
29,3,999
29,43,999
29,13,999
29,29,0.0
29,16,999
29,28,999
29,47,999
29,56,999
29,18,999
29,33,999
29,27,999
29,10,999
16,46,6.36463
16,12,11.97819
16,20,999
16,1,13.41824
16,23,999
16,9,12.97819
16,49,28.95286
16,26,1.99456
16,6,13.3877061475
16,57,999
16,35,999
16,37,1.5656285
16,22,999
16,44,999
16,25,2.99456
16,42,0.49456
16,30,5.82837
16,21,3.43782
16,50,999
16,14,10.97819
16,38,1.49456
16,32,6.82837
16,51,1.0
16,24,33.8789061475
16,40,4.742
16,55,19.413043
16,54,0.11485
16,41,20.38087
16,39,999
16,3,999
16,43,999
16,13,999
16,29,999
16,16,0.0
16,28,999
16,47,6.479603
16,56,19.21766
16,18,7.44426
16,33,999
16,27,999
16,10,14.3185811475
28,46,999
28,12,999
28,20,999
28,1,999
28,23,999
28,9,999
28,49,999
28,26,999
28,6,999
28,57,999
28,35,999
28,37,999
28,22,999
28,44,999
28,25,999
28,42,999
28,30,999
28,21,999
28,50,999
28,14,999
28,38,999
28,32,999
28,51,999
28,24,999
28,40,999
28,55,999
28,54,999
28,41,999
28,39,999
28,3,999
28,43,999
28,13,999
28,29,999
28,16,999
28,28,0.0
28,47,999
28,56,999
28,18,999
28,33,999
28,27,999
28,10,999
47,46,0.114973
47,12,8.6380491475
47,20,999
47,1,7.168583
47,23,999
47,9,9.6380491475
47,49,34.443343
47,26,4.485043
47,6,7.1380491475
47,57,999
47,35,999
47,37,7.0561115
47,22,999
47,44,999
47,25,5.485043
47,42,5.985043
47,30,11.318853
47,21,5.917423
47,50,999
47,14,7.728533
47,38,6.985043
47,32,12.318853
47,51,7.479603
47,24,27.6292491475
47,40,7.232483
47,55,16.163386
47,54,6.594453
47,41,17.131213
47,39,999
47,3,999
47,43,999
47,13,999
47,29,999
47,16,6.479603
47,28,999
47,47,0.0
47,56,15.968003
47,18,10.923863
47,33,999
47,27,999
47,10,8.0689241475
56,46,15.85303
56,12,8.23947
56,20,999
56,1,12.67952
56,23,999
56,9,9.23947
56,49,47.1814
56,26,17.2231
56,6,9.73947
56,57,999
56,35,999
56,37,18.7941685
56,22,999
56,44,999
56,25,16.2231
56,42,18.7231
56,30,23.05691
56,21,20.65548
56,50,999
56,14,8.23947
56,38,18.7231
56,32,24.05691
56,51,20.21766
56,24,30.23067
56,40,17.97054
56,55,0.195383
56,54,19.33251
56,41,1.16321
56,39,999
56,3,999
56,43,999
56,13,999
56,29,999
56,16,19.21766
56,28,999
56,47,15.968003
56,56,0.0
56,18,25.66192
56,33,999
56,27,999
56,10,10.670345
18,46,10.80889
18,12,18.42245
18,20,999
18,1,17.8625
18,23,999
18,9,19.42245
18,49,36.39712
18,26,8.43882
18,6,17.8319661475
18,57,999
18,35,999
18,37,9.0098885
18,22,999
18,44,999
18,25,9.43882
18,42,7.93882
18,30,13.27263
18,21,5.00644
18,50,999
18,14,17.42245
18,38,8.93882
18,32,14.27263
18,51,8.44426
18,24,38.3231661475
18,40,11.18626
18,55,25.857303
18,54,7.55911
18,41,26.82513
18,39,999
18,3,999
18,43,999
18,13,999
18,29,999
18,16,7.44426
18,28,999
18,47,10.923863
18,56,25.66192
18,18,0.0
18,33,999
18,27,999
18,10,18.7628411475
33,46,999
33,12,999
33,20,999
33,1,999
33,23,999
33,9,999
33,49,999
33,26,999
33,6,999
33,57,999
33,35,999
33,37,999
33,22,999
33,44,999
33,25,999
33,42,999
33,30,999
33,21,999
33,50,999
33,14,999
33,38,999
33,32,999
33,51,999
33,24,999
33,40,999
33,55,999
33,54,999
33,41,999
33,39,999
33,3,999
33,43,999
33,13,999
33,29,999
33,16,999
33,28,999
33,47,999
33,56,999
33,18,999
33,33,0.0
33,27,999
33,10,999
27,46,999
27,12,999
27,20,999
27,1,999
27,23,999
27,9,999
27,49,999
27,26,999
27,6,999
27,57,999
27,35,999
27,37,999
27,22,999
27,44,999
27,25,999
27,42,999
27,30,999
27,21,999
27,50,999
27,14,999
27,38,999
27,32,999
27,51,999
27,24,999
27,40,999
27,55,999
27,54,999
27,41,999
27,39,999
27,3,999
27,43,999
27,13,999
27,29,999
27,16,999
27,28,999
27,47,999
27,56,999
27,18,999
27,33,999
27,27,0.0
27,10,999
10,46,7.9539511475
10,12,2.430875
10,20,999
10,1,3.870925
10,23,999
10,9,3.430875
10,49,42.2823211475
10,26,12.3240211475
10,6,0.930875
10,57,999
10,35,999
10,37,13.9855735
10,22,999
10,44,999
10,25,11.414505
10,42,13.8240211475
10,30,18.248315
10,21,13.7564011475
10,50,999
10,14,3.430875
10,38,13.914505
10,32,19.248315
10,51,15.3185811475
10,24,21.422075
10,40,13.161945
10,55,10.865728
10,54,14.4334311475
10,41,11.833555
10,39,999
10,3,999
10,43,999
10,13,999
10,29,999
10,16,14.3185811475
10,28,999
10,47,8.0689241475
10,56,10.670345
10,18,18.7628411475
10,33,999
10,27,999
10,10,0.0
