1635,1635,0.0
1635,1647,15.0778886137
1635,1636,11.3198
1635,1642,10.3198
1635,1646,999
1635,1638,5.77269
1635,1634,9.89036861367
1635,1640,12.42821
1635,1633,9.39036861367
1635,1639,5.27269
1635,1644,11.86054
1647,1635,15.0778886137
1647,1647,0.0
1647,1636,15.41292
1647,1642,16.0305986137
1647,1646,999
1647,1638,10.3051986137
1647,1634,5.18752
1647,1640,17.1390086137
1647,1633,5.68752
1647,1639,9.80519861367
1647,1644,16.95366
1636,1635,11.3198
1636,1647,15.41292
1636,1636,0.0
1636,1642,1.0
1636,1646,999
1636,1638,6.7254
1636,1634,10.2254
1636,1640,3.10841
1636,1633,9.7254
1636,1639,7.2254
1636,1644,1.54074
1642,1635,10.3198
1642,1647,16.0305986137
1642,1636,1.0
1642,1642,0.0
1642,1646,999
1642,1638,5.7254
1642,1634,10.8430786137
1642,1640,2.10841
1642,1633,10.3430786137
1642,1639,6.2254
1642,1644,1.54074
1646,1635,999
1646,1647,999
1646,1636,999
1646,1642,999
1646,1646,0.0
1646,1638,999
1646,1634,999
1646,1640,999
1646,1633,999
1646,1639,999
1646,1644,999
1638,1635,5.77269
1638,1647,10.3051986137
1638,1636,6.7254
1638,1642,5.7254
1638,1646,999
1638,1638,0.0
1638,1634,5.11767861367
1638,1640,6.83381
1638,1633,4.61767861367
1638,1639,0.5
1638,1644,7.26614
1634,1635,9.89036861367
1634,1647,5.18752
1634,1636,10.2254
1634,1642,10.8430786137
1634,1646,999
1634,1638,5.11767861367
1634,1634,0.0
1634,1640,11.9514886137
1634,1633,0.5
1634,1639,4.61767861367
1634,1644,11.76614
1640,1635,12.42821
1640,1647,17.1390086137
1640,1636,3.10841
1640,1642,2.10841
1640,1646,999
1640,1638,6.83381
1640,1634,11.9514886137
1640,1640,0.0
1640,1633,11.4514886137
1640,1639,7.33381
1640,1644,3.64915
1633,1635,9.39036861367
1633,1647,5.68752
1633,1636,9.7254
1633,1642,10.3430786137
1633,1646,999
1633,1638,4.61767861367
1633,1634,0.5
1633,1640,11.4514886137
1633,1633,0.0
1633,1639,4.11767861367
1633,1644,11.26614
1639,1635,5.27269
1639,1647,9.80519861367
1639,1636,7.2254
1639,1642,6.2254
1639,1646,999
1639,1638,0.5
1639,1634,4.61767861367
1639,1640,7.33381
1639,1633,4.11767861367
1639,1639,0.0
1639,1644,7.76614
1644,1635,11.86054
1644,1647,16.95366
1644,1636,1.54074
1644,1642,1.54074
1644,1646,999
1644,1638,7.26614
1644,1634,11.76614
1644,1640,3.64915
1644,1633,11.26614
1644,1639,7.76614
1644,1644,0.0
