300,300,0.0
300,285,999
300,291,999
300,302,999
300,301,999
300,299,999
285,300,999
285,285,0.0
285,291,16.46581
285,302,76.27811
285,301,76.21221
285,299,76.77531
291,300,999
291,285,16.46581
291,291,0.0
291,302,59.8123
291,301,59.7464
291,299,60.3095
302,300,999
302,285,76.27811
302,291,59.8123
302,302,0.0
302,301,119.5587
302,299,120.1218
301,300,999
301,285,76.21221
301,291,59.7464
301,302,119.5587
301,301,0.0
301,299,120.0559
299,300,999
299,285,76.77531
299,291,60.3095
299,302,120.1218
299,301,120.0559
299,299,0.0
