343,343,0.0
343,318,6.755123
343,325,6.45233
343,359,11.00105
343,326,42.84293
343,354,7.82734
343,355,7.9195782
343,307,75.81335
343,323,9.68792
343,339,9.95233
343,347,9.09175
343,338,999
343,352,4.57007
343,327,40.84293
343,317,999
343,306,21.11221
343,349,5.95233
343,345,8.45233
343,341,7.37457
343,324,40.5028
343,344,999
343,321,39.34293
343,311,18.23664
343,320,10.174688
343,332,4.59175
343,360,11.50105
343,329,2.09175
343,316,16.50105
343,350,42.84293
343,346,999
343,357,10.305149
343,335,56.03125
343,353,41.9657
343,309,17.73664
343,305,20.44474
343,314,999
343,362,6.42964
343,310,18.004705
343,340,999
343,315,16.00105
343,322,11.33177
343,337,6.09175
343,331,3.40755
343,356,38.79033
343,330,999
343,312,16.125528
343,361,999
318,343,6.755123
318,318,0.0
318,325,6.302793
318,359,13.572673
318,326,37.693393
318,354,10.398963
318,355,10.4912012
318,307,76.384973
318,323,9.538383
318,339,4.802793
318,347,6.663373
318,338,999
318,352,7.141693
318,327,35.693393
318,317,999
318,306,23.683833
318,349,0.802793
318,345,3.302793
318,341,9.946193
318,324,35.353263
318,344,999
318,321,34.193393
318,311,20.808263
318,320,5.025151
318,332,7.163373
318,360,14.072673
318,329,4.663373
318,316,18.072673
318,350,37.693393
318,346,999
318,357,5.155612
318,335,57.602873
318,353,36.816163
318,309,20.308263
318,305,23.016363
318,314,999
318,362,9.001263
318,310,20.576328
318,340,999
318,315,16.572673
318,322,11.182233
318,337,7.663373
318,331,5.979173
318,356,33.640793
318,330,999
318,312,16.697151
318,361,999
325,343,6.45233
325,318,6.302793
325,325,0.0
325,359,13.26988
325,326,38.3906
325,354,5.09617
325,355,5.1884082
325,307,75.08218
325,323,3.23559
325,339,3.5
325,347,7.36058
325,338,999
325,352,6.8389
325,327,38.3906
325,317,999
325,306,18.38104
325,349,5.5
325,345,6.0
325,341,6.6434
325,324,36.05047
325,344,999
325,321,36.8906
325,311,15.50547
325,320,3.722358
325,332,6.86058
325,360,13.76988
325,329,4.36058
325,316,17.76988
325,350,38.3906
325,346,999
325,357,3.852819
325,335,57.30008
325,353,39.51337
325,309,15.00547
325,305,17.71357
325,314,999
325,362,8.69847
325,310,15.273535
325,340,999
325,315,15.26988
325,322,4.87944
325,337,8.36058
325,331,5.67638
325,356,34.338
325,330,999
325,312,15.394358
325,361,999
359,343,11.00105
359,318,13.572673
359,325,13.26988
359,359,0.0
359,326,49.66048
359,354,14.64489
359,355,14.7371282
359,307,65.8123
359,323,16.50547
359,339,16.76988
359,347,15.9093
359,338,999
359,352,11.38762
359,327,47.66048
359,317,999
359,306,14.11116
359,349,12.76988
359,345,15.26988
359,341,14.19212
359,324,47.32035
359,344,999
359,321,46.16048
359,311,11.23559
359,320,16.992238
359,332,11.4093
359,360,0.5
359,329,8.9093
359,316,8.5
359,350,49.66048
359,346,999
359,357,17.122699
359,335,45.0302
359,353,48.78325
359,309,10.73559
359,305,13.44369
359,314,999
359,362,12.24719
359,310,11.003655
359,340,999
359,315,6.0
359,322,18.14932
359,337,12.9093
359,331,10.2251
359,356,45.60788
359,330,999
359,312,6.124478
359,361,999
326,343,42.84293
326,318,37.693393
326,325,38.3906
326,359,49.66048
326,326,0.0
326,354,42.48677
326,355,42.5790082
326,307,106.47278
326,323,41.62619
326,339,34.8906
326,347,34.75118
326,338,999
326,352,43.2295
326,327,3.0
326,317,999
326,306,54.77164
326,349,36.8906
326,345,34.3906
326,341,43.034
326,324,2.34013
326,344,999
326,321,4.5
326,311,51.89607
326,320,35.112958
326,332,40.25118
326,360,50.16048
326,329,40.75118
326,316,46.16048
326,350,5.0
326,346,999
326,357,35.243419
326,335,85.69068
326,353,7.12277
326,309,51.39607
326,305,54.10417
326,314,999
326,362,45.08907
326,310,51.664135
326,340,999
326,315,46.66048
326,322,43.27004
326,337,37.75118
326,331,42.06698
326,356,4.0526
326,330,999
326,312,46.784958
326,361,999
354,343,7.82734
354,318,10.398963
354,325,5.09617
354,359,14.64489
354,326,42.48677
354,354,0.0
354,355,0.0922382
354,307,74.45719
354,323,2.86058
354,339,8.59617
354,347,7.73559
354,338,999
354,352,8.21391
354,327,43.48677
354,317,999
354,306,13.28487
354,349,9.59617
354,345,11.09617
354,341,1.54723
354,324,40.14664
354,344,999
354,321,41.98677
354,311,10.4093
354,320,8.818528
354,332,8.23559
354,360,15.14489
354,329,5.73559
354,316,17.14489
354,350,42.48677
354,346,999
354,357,8.948989
354,335,56.67509
354,353,44.60954
354,309,9.9093
354,305,12.6174
354,314,999
354,362,10.07348
354,310,10.177365
354,340,999
354,315,14.64489
354,322,4.50443
354,337,9.73559
354,331,7.05139
354,356,38.43417
354,330,999
354,312,14.769368
354,361,999
355,343,7.9195782
355,318,10.4912012
355,325,5.1884082
355,359,14.7371282
355,326,42.5790082
355,354,0.0922382
355,355,0.0
355,307,74.5494282
355,323,2.9528182
355,339,8.6884082
355,347,7.8278282
355,338,999
355,352,8.3061482
355,327,43.5790082
355,317,999
355,306,13.3771082
355,349,9.6884082
355,345,11.1884082
355,341,1.6394682
355,324,40.2388782
355,344,999
355,321,42.0790082
355,311,10.5015382
355,320,8.9107662
355,332,8.3278282
355,360,15.2371282
355,329,5.8278282
355,316,17.2371282
355,350,42.5790082
355,346,999
355,357,9.0412272
355,335,56.7673282
355,353,44.7017782
355,309,10.0015382
355,305,12.7096382
355,314,999
355,362,10.1657182
355,310,10.2696032
355,340,999
355,315,14.7371282
355,322,4.5966682
355,337,9.8278282
355,331,7.1436282
355,356,38.5264082
355,330,999
355,312,14.8616062
355,361,999
307,343,75.81335
307,318,76.384973
307,325,75.08218
307,359,65.8123
307,326,106.47278
307,354,74.45719
307,355,74.5494282
307,307,0.0
307,323,77.31777
307,339,71.58218
307,347,73.7216
307,338,999
307,352,76.19992
307,327,106.47278
307,317,999
307,306,67.92346
307,349,75.58218
307,345,74.08218
307,341,76.00442
307,324,104.13265
307,344,999
307,321,104.97278
307,311,65.04789
307,320,71.804538
307,332,76.2216
307,360,65.3123
307,329,73.7216
307,316,62.3123
307,350,106.47278
307,346,999
307,357,71.934999
307,335,101.8425
307,353,107.59555
307,309,64.54789
307,305,67.25599
307,314,999
307,362,77.05949
307,310,64.815955
307,340,999
307,315,59.8123
307,322,78.96162
307,337,76.7216
307,331,75.0374
307,356,102.42018
307,330,999
307,312,59.936778
307,361,999
323,343,9.68792
323,318,9.538383
323,325,3.23559
323,359,16.50547
323,326,41.62619
323,354,2.86058
323,355,2.9528182
323,307,77.31777
323,323,0.0
323,339,6.73559
323,347,10.59617
323,338,999
323,352,10.07449
323,327,41.62619
323,317,999
323,306,16.14545
323,349,8.73559
323,345,9.23559
323,341,4.40781
323,324,39.28606
323,344,999
323,321,40.12619
323,311,13.26988
323,320,6.957948
323,332,10.09617
323,360,17.00547
323,329,7.59617
323,316,20.00547
323,350,41.62619
323,346,999
323,357,7.088409
323,335,59.53567
323,353,42.74896
323,309,12.76988
323,305,15.47798
323,314,999
323,362,11.93406
323,310,13.037945
323,340,999
323,315,17.50547
323,322,1.64385
323,337,11.59617
323,331,8.91197
323,356,37.57359
323,330,999
323,312,17.629948
323,361,999
339,343,9.95233
339,318,4.802793
339,325,3.5
339,359,16.76988
339,326,34.8906
339,354,8.59617
339,355,8.6884082
339,307,71.58218
339,323,6.73559
339,339,0.0
339,347,3.86058
339,338,999
339,352,10.3389
339,327,34.8906
339,317,999
339,306,19.88104
339,349,4.0
339,345,2.5
339,341,10.1434
339,324,32.55047
339,344,999
339,321,33.3906
339,311,17.00547
339,320,0.222358
339,332,9.36058
339,360,17.26988
339,329,7.86058
339,316,14.26988
339,350,34.8906
339,346,999
339,357,0.352819
339,335,53.80008
339,353,36.01337
339,309,16.50547
339,305,19.21357
339,314,999
339,362,12.19847
339,310,16.773535
339,340,999
339,315,11.76988
339,322,8.37944
339,337,6.86058
339,331,9.17638
339,356,30.838
339,330,999
339,312,11.894358
339,361,999
347,343,9.09175
347,318,6.663373
347,325,7.36058
347,359,15.9093
347,326,34.75118
347,354,7.73559
347,355,7.8278282
347,307,73.7216
347,323,10.59617
347,339,3.86058
347,347,0.0
347,338,999
347,352,9.47832
347,327,36.75118
347,317,999
347,306,21.02046
347,349,5.86058
347,345,4.36058
347,341,8.28282
347,324,32.41105
347,344,999
347,321,35.25118
347,311,18.14489
347,320,4.082938
347,332,5.5
347,360,16.4093
347,329,7.0
347,316,11.4093
347,350,34.75118
347,346,999
347,357,4.213399
347,335,50.9395
347,353,37.87395
347,309,17.64489
347,305,20.35299
347,314,999
347,362,11.33789
347,310,17.912955
347,340,999
347,315,13.9093
347,322,12.24002
347,337,3.0
347,331,7.6842
347,356,30.69858
347,330,999
347,312,14.033778
347,361,999
338,343,999
338,318,999
338,325,999
338,359,999
338,326,999
338,354,999
338,355,999
338,307,999
338,323,999
338,339,999
338,347,999
338,338,0.0
338,352,999
338,327,999
338,317,999
338,306,999
338,349,999
338,345,999
338,341,999
338,324,999
338,344,999
338,321,999
338,311,999
338,320,999
338,332,999
338,360,999
338,329,999
338,316,999
338,350,999
338,346,999
338,357,999
338,335,999
338,353,999
338,309,999
338,305,999
338,314,999
338,362,999
338,310,999
338,340,999
338,315,999
338,322,999
338,337,999
338,331,999
338,356,999
338,330,999
338,312,999
338,361,999
352,343,4.57007
352,318,7.141693
352,325,6.8389
352,359,11.38762
352,326,43.2295
352,354,8.21391
352,355,8.3061482
352,307,76.19992
352,323,10.07449
352,339,10.3389
352,347,9.47832
352,338,999
352,352,0.0
352,327,41.2295
352,317,999
352,306,21.49878
352,349,6.3389
352,345,8.8389
352,341,7.76114
352,324,40.88937
352,344,999
352,321,39.7295
352,311,18.62321
352,320,10.561258
352,332,4.97832
352,360,11.88762
352,329,2.47832
352,316,16.88762
352,350,43.2295
352,346,999
352,357,10.691719
352,335,56.41782
352,353,42.35227
352,309,18.12321
352,305,20.83131
352,314,999
352,362,6.81621
352,310,18.391275
352,340,999
352,315,16.38762
352,322,11.71834
352,337,6.47832
352,331,3.79412
352,356,39.1769
352,330,999
352,312,16.512098
352,361,999
327,343,40.84293
327,318,35.693393
327,325,38.3906
327,359,47.66048
327,326,3.0
327,354,43.48677
327,355,43.5790082
327,307,106.47278
327,323,41.62619
327,339,34.8906
327,347,36.75118
327,338,999
327,352,41.2295
327,327,0.0
327,317,999
327,306,54.77164
327,349,34.8906
327,345,32.3906
327,341,44.034
327,324,5.34013
327,344,999
327,321,1.5
327,311,51.89607
327,320,35.112958
327,332,41.25118
327,360,48.16048
327,329,38.75118
327,316,48.16048
327,350,2.0
327,346,999
327,357,35.243419
327,335,87.69068
327,353,4.12277
327,309,51.39607
327,305,54.10417
327,314,999
327,362,43.08907
327,310,51.664135
327,340,999
327,315,46.66048
327,322,43.27004
327,337,39.75118
327,331,40.06698
327,356,6.0526
327,330,999
327,312,46.784958
327,361,999
317,343,999
317,318,999
317,325,999
317,359,999
317,326,999
317,354,999
317,355,999
317,307,999
317,323,999
317,339,999
317,347,999
317,338,999
317,352,999
317,327,999
317,317,0.0
317,306,999
317,349,999
317,345,999
317,341,999
317,324,999
317,344,999
317,321,999
317,311,999
317,320,999
317,332,999
317,360,999
317,329,999
317,316,999
317,350,999
317,346,999
317,357,999
317,335,999
317,353,999
317,309,999
317,305,999
317,314,999
317,362,999
317,310,999
317,340,999
317,315,999
317,322,999
317,337,999
317,331,999
317,356,999
317,330,999
317,312,999
317,361,999
306,343,21.11221
306,318,23.683833
306,325,18.38104
306,359,14.11116
306,326,54.77164
306,354,13.28487
306,355,13.3771082
306,307,67.92346
306,323,16.14545
306,339,19.88104
306,347,21.02046
306,338,999
306,352,21.49878
306,327,54.77164
306,317,999
306,306,0.0
306,349,22.88104
306,345,22.38104
306,341,14.8321
306,324,52.43151
306,344,999
306,321,53.27164
306,311,3.87557
306,320,20.103398
306,332,21.52046
306,360,13.61116
306,329,19.02046
306,316,10.61116
306,350,54.77164
306,346,999
306,357,20.233859
306,335,50.14136
306,353,55.89441
306,309,3.37557
306,305,6.08367
306,314,999
306,362,23.35835
306,310,3.643635
306,340,999
306,315,8.11116
306,322,17.7893
306,337,23.02046
306,331,20.33626
306,356,50.71904
306,330,999
306,312,8.235638
306,361,999
349,343,5.95233
349,318,0.802793
349,325,5.5
349,359,12.76988
349,326,36.8906
349,354,9.59617
349,355,9.6884082
349,307,75.58218
349,323,8.73559
349,339,4.0
349,347,5.86058
349,338,999
349,352,6.3389
349,327,34.8906
349,317,999
349,306,22.88104
349,349,0.0
349,345,2.5
349,341,9.1434
349,324,34.55047
349,344,999
349,321,33.3906
349,311,20.00547
349,320,4.222358
349,332,6.36058
349,360,13.26988
349,329,3.86058
349,316,17.26988
349,350,36.8906
349,346,999
349,357,4.352819
349,335,56.80008
349,353,36.01337
349,309,19.50547
349,305,22.21357
349,314,999
349,362,8.19847
349,310,19.773535
349,340,999
349,315,15.76988
349,322,10.37944
349,337,6.86058
349,331,5.17638
349,356,32.838
349,330,999
349,312,15.894358
349,361,999
345,343,8.45233
345,318,3.302793
345,325,6.0
345,359,15.26988
345,326,34.3906
345,354,11.09617
345,355,11.1884082
345,307,74.08218
345,323,9.23559
345,339,2.5
345,347,4.36058
345,338,999
345,352,8.8389
345,327,32.3906
345,317,999
345,306,22.38104
345,349,2.5
345,345,0.0
345,341,11.6434
345,324,32.05047
345,344,999
345,321,30.8906
345,311,19.50547
345,320,2.722358
345,332,8.86058
345,360,15.76988
345,329,6.36058
345,316,15.76988
345,350,34.3906
345,346,999
345,357,2.852819
345,335,55.30008
345,353,33.51337
345,309,19.00547
345,305,21.71357
345,314,999
345,362,10.69847
345,310,19.273535
345,340,999
345,315,14.26988
345,322,10.87944
345,337,7.36058
345,331,7.67638
345,356,30.338
345,330,999
345,312,14.394358
345,361,999
341,343,7.37457
341,318,9.946193
341,325,6.6434
341,359,14.19212
341,326,43.034
341,354,1.54723
341,355,1.6394682
341,307,76.00442
341,323,4.40781
341,339,10.1434
341,347,8.28282
341,338,999
341,352,7.76114
341,327,44.034
341,317,999
341,306,14.8321
341,349,9.1434
341,345,11.6434
341,341,0.0
341,324,40.69387
341,344,999
341,321,42.534
341,311,11.95653
341,320,10.365758
341,332,7.78282
341,360,14.69212
341,329,5.28282
341,316,18.69212
341,350,43.034
341,346,999
341,357,10.496219
341,335,58.22232
341,353,45.15677
341,309,11.45653
341,305,14.16463
341,314,999
341,362,9.62071
341,310,11.724595
341,340,999
341,315,16.19212
341,322,6.05166
341,337,9.28282
341,331,6.59862
341,356,38.9814
341,330,999
341,312,16.316598
341,361,999
324,343,40.5028
324,318,35.353263
324,325,36.05047
324,359,47.32035
324,326,2.34013
324,354,40.14664
324,355,40.2388782
324,307,104.13265
324,323,39.28606
324,339,32.55047
324,347,32.41105
324,338,999
324,352,40.88937
324,327,5.34013
324,317,999
324,306,52.43151
324,349,34.55047
324,345,32.05047
324,341,40.69387
324,324,0.0
324,344,999
324,321,6.84013
324,311,49.55594
324,320,32.772828
324,332,37.91105
324,360,47.82035
324,329,38.41105
324,316,43.82035
324,350,5.76507
324,346,999
324,357,32.903289
324,335,83.35055
324,353,9.4629
324,309,49.05594
324,305,51.76404
324,314,999
324,362,42.74894
324,310,49.324005
324,340,999
324,315,44.32035
324,322,40.92991
324,337,35.41105
324,331,39.72685
324,356,1.71247
324,330,999
324,312,44.444828
324,361,999
344,343,999
344,318,999
344,325,999
344,359,999
344,326,999
344,354,999
344,355,999
344,307,999
344,323,999
344,339,999
344,347,999
344,338,999
344,352,999
344,327,999
344,317,999
344,306,999
344,349,999
344,345,999
344,341,999
344,324,999
344,344,0.0
344,321,999
344,311,999
344,320,999
344,332,999
344,360,999
344,329,999
344,316,999
344,350,999
344,346,999
344,357,999
344,335,999
344,353,999
344,309,999
344,305,999
344,314,999
344,362,999
344,310,999
344,340,999
344,315,999
344,322,999
344,337,999
344,331,999
344,356,999
344,330,999
344,312,999
344,361,999
321,343,39.34293
321,318,34.193393
321,325,36.8906
321,359,46.16048
321,326,4.5
321,354,41.98677
321,355,42.0790082
321,307,104.97278
321,323,40.12619
321,339,33.3906
321,347,35.25118
321,338,999
321,352,39.7295
321,327,1.5
321,317,999
321,306,53.27164
321,349,33.3906
321,345,30.8906
321,341,42.534
321,324,6.84013
321,344,999
321,321,0.0
321,311,50.39607
321,320,33.612958
321,332,39.75118
321,360,46.66048
321,329,37.25118
321,316,46.66048
321,350,3.5
321,346,999
321,357,33.743419
321,335,86.19068
321,353,2.62277
321,309,49.89607
321,305,52.60417
321,314,999
321,362,41.58907
321,310,50.164135
321,340,999
321,315,45.16048
321,322,41.77004
321,337,38.25118
321,331,38.56698
321,356,7.5526
321,330,999
321,312,45.284958
321,361,999
311,343,18.23664
311,318,20.808263
311,325,15.50547
311,359,11.23559
311,326,51.89607
311,354,10.4093
311,355,10.5015382
311,307,65.04789
311,323,13.26988
311,339,17.00547
311,347,18.14489
311,338,999
311,352,18.62321
311,327,51.89607
311,317,999
311,306,3.87557
311,349,20.00547
311,345,19.50547
311,341,11.95653
311,324,49.55594
311,344,999
311,321,50.39607
311,311,0.0
311,320,17.227828
311,332,18.64489
311,360,10.73559
311,329,16.14489
311,316,7.73559
311,350,51.89607
311,346,999
311,357,17.358289
311,335,47.26579
311,353,53.01884
311,309,0.5
311,305,3.2081
311,314,999
311,362,20.48278
311,310,0.768065
311,340,999
311,315,5.23559
311,322,14.91373
311,337,20.14489
311,331,17.46069
311,356,47.84347
311,330,999
311,312,5.360068
311,361,999
320,343,10.174688
320,318,5.025151
320,325,3.722358
320,359,16.992238
320,326,35.112958
320,354,8.818528
320,355,8.9107662
320,307,71.804538
320,323,6.957948
320,339,0.222358
320,347,4.082938
320,338,999
320,352,10.561258
320,327,35.112958
320,317,999
320,306,20.103398
320,349,4.222358
320,345,2.722358
320,341,10.365758
320,324,32.772828
320,344,999
320,321,33.612958
320,311,17.227828
320,320,0.0
320,332,9.582938
320,360,17.492238
320,329,8.082938
320,316,14.492238
320,350,35.112958
320,346,999
320,357,0.575177
320,335,54.022438
320,353,36.235728
320,309,16.727828
320,305,19.435928
320,314,999
320,362,12.420828
320,310,16.995893
320,340,999
320,315,11.992238
320,322,8.601798
320,337,7.082938
320,331,9.398738
320,356,31.060358
320,330,999
320,312,12.116716
320,361,999
332,343,4.59175
332,318,7.163373
332,325,6.86058
332,359,11.4093
332,326,40.25118
332,354,8.23559
332,355,8.3278282
332,307,76.2216
332,323,10.09617
332,339,9.36058
332,347,5.5
332,338,999
332,352,4.97832
332,327,41.25118
332,317,999
332,306,21.52046
332,349,6.36058
332,345,8.86058
332,341,7.78282
332,324,37.91105
332,344,999
332,321,39.75118
332,311,18.64489
332,320,9.582938
332,332,0.0
332,360,11.9093
332,329,2.5
332,316,16.9093
332,350,40.25118
332,346,999
332,357,9.713399
332,335,56.4395
332,353,42.37395
332,309,18.14489
332,305,20.85299
332,314,999
332,362,6.83789
332,310,18.412955
332,340,999
332,315,16.4093
332,322,11.74002
332,337,6.5
332,331,2.1842
332,356,36.19858
332,330,999
332,312,16.533778
332,361,999
360,343,11.50105
360,318,14.072673
360,325,13.76988
360,359,0.5
360,326,50.16048
360,354,15.14489
360,355,15.2371282
360,307,65.3123
360,323,17.00547
360,339,17.26988
360,347,16.4093
360,338,999
360,352,11.88762
360,327,48.16048
360,317,999
360,306,13.61116
360,349,13.26988
360,345,15.76988
360,341,14.69212
360,324,47.82035
360,344,999
360,321,46.66048
360,311,10.73559
360,320,17.492238
360,332,11.9093
360,360,0.0
360,329,9.4093
360,316,8.0
360,350,50.16048
360,346,999
360,357,17.622699
360,335,44.5302
360,353,49.28325
360,309,10.23559
360,305,12.94369
360,314,999
360,362,11.74719
360,310,10.503655
360,340,999
360,315,5.5
360,322,18.64932
360,337,13.4093
360,331,10.7251
360,356,46.10788
360,330,999
360,312,5.624478
360,361,999
329,343,2.09175
329,318,4.663373
329,325,4.36058
329,359,8.9093
329,326,40.75118
329,354,5.73559
329,355,5.8278282
329,307,73.7216
329,323,7.59617
329,339,7.86058
329,347,7.0
329,338,999
329,352,2.47832
329,327,38.75118
329,317,999
329,306,19.02046
329,349,3.86058
329,345,6.36058
329,341,5.28282
329,324,38.41105
329,344,999
329,321,37.25118
329,311,16.14489
329,320,8.082938
329,332,2.5
329,360,9.4093
329,329,0.0
329,316,14.4093
329,350,40.75118
329,346,999
329,357,8.213399
329,335,53.9395
329,353,39.87395
329,309,15.64489
329,305,18.35299
329,314,999
329,362,4.33789
329,310,15.912955
329,340,999
329,315,13.9093
329,322,9.24002
329,337,4.0
329,331,1.3158
329,356,36.69858
329,330,999
329,312,14.033778
329,361,999
316,343,16.50105
316,318,18.072673
316,325,17.76988
316,359,8.5
316,326,46.16048
316,354,17.14489
316,355,17.2371282
316,307,62.3123
316,323,20.00547
316,339,14.26988
316,347,11.4093
316,338,999
316,352,16.88762
316,327,48.16048
316,317,999
316,306,10.61116
316,349,17.26988
316,345,15.76988
316,341,18.69212
316,324,43.82035
316,344,999
316,321,46.66048
316,311,7.73559
316,320,14.492238
316,332,16.9093
316,360,8.0
316,329,14.4093
316,316,0.0
316,350,46.16048
316,346,999
316,357,14.622699
316,335,39.5302
316,353,49.28325
316,309,7.23559
316,305,9.94369
316,314,999
316,362,18.74719
316,310,7.503655
316,340,999
316,315,2.5
316,322,21.64932
316,337,14.4093
316,331,15.7251
316,356,42.10788
316,330,999
316,312,2.624478
316,361,999
350,343,42.84293
350,318,37.693393
350,325,38.3906
350,359,49.66048
350,326,5.0
350,354,42.48677
350,355,42.5790082
350,307,106.47278
350,323,41.62619
350,339,34.8906
350,347,34.75118
350,338,999
350,352,43.2295
350,327,2.0
350,317,999
350,306,54.77164
350,349,36.8906
350,345,34.3906
350,341,43.034
350,324,5.76507
350,344,999
350,321,3.5
350,311,51.89607
350,320,35.112958
350,332,40.25118
350,360,50.16048
350,329,40.75118
350,316,46.16048
350,350,0.0
350,346,999
350,357,35.243419
350,335,85.69068
350,353,6.12277
350,309,51.39607
350,305,54.10417
350,314,999
350,362,45.08907
350,310,51.664135
350,340,999
350,315,46.66048
350,322,43.27004
350,337,37.75118
350,331,42.06698
350,356,4.0526
350,330,999
350,312,46.784958
350,361,999
346,343,999
346,318,999
346,325,999
346,359,999
346,326,999
346,354,999
346,355,999
346,307,999
346,323,999
346,339,999
346,347,999
346,338,999
346,352,999
346,327,999
346,317,999
346,306,999
346,349,999
346,345,999
346,341,999
346,324,999
346,344,999
346,321,999
346,311,999
346,320,999
346,332,999
346,360,999
346,329,999
346,316,999
346,350,999
346,346,0.0
346,357,999
346,335,999
346,353,999
346,309,999
346,305,999
346,314,999
346,362,999
346,310,999
346,340,999
346,315,999
346,322,999
346,337,999
346,331,999
346,356,999
346,330,999
346,312,999
346,361,999
357,343,10.305149
357,318,5.155612
357,325,3.852819
357,359,17.122699
357,326,35.243419
357,354,8.948989
357,355,9.0412272
357,307,71.934999
357,323,7.088409
357,339,0.352819
357,347,4.213399
357,338,999
357,352,10.691719
357,327,35.243419
357,317,999
357,306,20.233859
357,349,4.352819
357,345,2.852819
357,341,10.496219
357,324,32.903289
357,344,999
357,321,33.743419
357,311,17.358289
357,320,0.575177
357,332,9.713399
357,360,17.622699
357,329,8.213399
357,316,14.622699
357,350,35.243419
357,346,999
357,357,0.0
357,335,54.152899
357,353,36.366189
357,309,16.858289
357,305,19.566389
357,314,999
357,362,12.551289
357,310,17.126354
357,340,999
357,315,12.122699
357,322,8.732259
357,337,7.213399
357,331,9.529199
357,356,31.190819
357,330,999
357,312,12.247177
357,361,999
335,343,56.03125
335,318,57.602873
335,325,57.30008
335,359,45.0302
335,326,85.69068
335,354,56.67509
335,355,56.7673282
335,307,101.8425
335,323,59.53567
335,339,53.80008
335,347,50.9395
335,338,999
335,352,56.41782
335,327,87.69068
335,317,999
335,306,50.14136
335,349,56.80008
335,345,55.30008
335,341,58.22232
335,324,83.35055
335,344,999
335,321,86.19068
335,311,47.26579
335,320,54.022438
335,332,56.4395
335,360,44.5302
335,329,53.9395
335,316,39.5302
335,350,85.69068
335,346,999
335,357,54.152899
335,335,0.0
335,353,88.81345
335,309,46.76579
335,305,49.47389
335,314,999
335,362,56.27739
335,310,47.033855
335,340,999
335,315,42.0302
335,322,61.17952
335,337,53.9395
335,331,55.2553
335,356,81.63808
335,330,999
335,312,42.154678
335,361,999
353,343,41.9657
353,318,36.816163
353,325,39.51337
353,359,48.78325
353,326,7.12277
353,354,44.60954
353,355,44.7017782
353,307,107.59555
353,323,42.74896
353,339,36.01337
353,347,37.87395
353,338,999
353,352,42.35227
353,327,4.12277
353,317,999
353,306,55.89441
353,349,36.01337
353,345,33.51337
353,341,45.15677
353,324,9.4629
353,344,999
353,321,2.62277
353,311,53.01884
353,320,36.235728
353,332,42.37395
353,360,49.28325
353,329,39.87395
353,316,49.28325
353,350,6.12277
353,346,999
353,357,36.366189
353,335,88.81345
353,353,0.0
353,309,52.51884
353,305,55.22694
353,314,999
353,362,44.21184
353,310,52.786905
353,340,999
353,315,47.78325
353,322,44.39281
353,337,40.87395
353,331,41.18975
353,356,10.17537
353,330,999
353,312,47.907728
353,361,999
309,343,17.73664
309,318,20.308263
309,325,15.00547
309,359,10.73559
309,326,51.39607
309,354,9.9093
309,355,10.0015382
309,307,64.54789
309,323,12.76988
309,339,16.50547
309,347,17.64489
309,338,999
309,352,18.12321
309,327,51.39607
309,317,999
309,306,3.37557
309,349,19.50547
309,345,19.00547
309,341,11.45653
309,324,49.05594
309,344,999
309,321,49.89607
309,311,0.5
309,320,16.727828
309,332,18.14489
309,360,10.23559
309,329,15.64489
309,316,7.23559
309,350,51.39607
309,346,999
309,357,16.858289
309,335,46.76579
309,353,52.51884
309,309,0.0
309,305,2.7081
309,314,999
309,362,19.98278
309,310,0.268065
309,340,999
309,315,4.73559
309,322,14.41373
309,337,19.64489
309,331,16.96069
309,356,47.34347
309,330,999
309,312,4.860068
309,361,999
305,343,20.44474
305,318,23.016363
305,325,17.71357
305,359,13.44369
305,326,54.10417
305,354,12.6174
305,355,12.7096382
305,307,67.25599
305,323,15.47798
305,339,19.21357
305,347,20.35299
305,338,999
305,352,20.83131
305,327,54.10417
305,317,999
305,306,6.08367
305,349,22.21357
305,345,21.71357
305,341,14.16463
305,324,51.76404
305,344,999
305,321,52.60417
305,311,3.2081
305,320,19.435928
305,332,20.85299
305,360,12.94369
305,329,18.35299
305,316,9.94369
305,350,54.10417
305,346,999
305,357,19.566389
305,335,49.47389
305,353,55.22694
305,309,2.7081
305,305,0.0
305,314,999
305,362,22.69088
305,310,2.976165
305,340,999
305,315,7.44369
305,322,17.12183
305,337,22.35299
305,331,19.66879
305,356,50.05157
305,330,999
305,312,7.568168
305,361,999
314,343,999
314,318,999
314,325,999
314,359,999
314,326,999
314,354,999
314,355,999
314,307,999
314,323,999
314,339,999
314,347,999
314,338,999
314,352,999
314,327,999
314,317,999
314,306,999
314,349,999
314,345,999
314,341,999
314,324,999
314,344,999
314,321,999
314,311,999
314,320,999
314,332,999
314,360,999
314,329,999
314,316,999
314,350,999
314,346,999
314,357,999
314,335,999
314,353,999
314,309,999
314,305,999
314,314,0.0
314,362,999
314,310,999
314,340,999
314,315,999
314,322,999
314,337,999
314,331,999
314,356,999
314,330,999
314,312,999
314,361,999
362,343,6.42964
362,318,9.001263
362,325,8.69847
362,359,12.24719
362,326,45.08907
362,354,10.07348
362,355,10.1657182
362,307,77.05949
362,323,11.93406
362,339,12.19847
362,347,11.33789
362,338,999
362,352,6.81621
362,327,43.08907
362,317,999
362,306,23.35835
362,349,8.19847
362,345,10.69847
362,341,9.62071
362,324,42.74894
362,344,999
362,321,41.58907
362,311,20.48278
362,320,12.420828
362,332,6.83789
362,360,11.74719
362,329,4.33789
362,316,18.74719
362,350,45.08907
362,346,999
362,357,12.551289
362,335,56.27739
362,353,44.21184
362,309,19.98278
362,305,22.69088
362,314,999
362,362,0.0
362,310,20.250845
362,340,999
362,315,17.24719
362,322,13.57791
362,337,8.33789
362,331,5.65369
362,356,41.03647
362,330,999
362,312,17.371668
362,361,999
310,343,18.004705
310,318,20.576328
310,325,15.273535
310,359,11.003655
310,326,51.664135
310,354,10.177365
310,355,10.2696032
310,307,64.815955
310,323,13.037945
310,339,16.773535
310,347,17.912955
310,338,999
310,352,18.391275
310,327,51.664135
310,317,999
310,306,3.643635
310,349,19.773535
310,345,19.273535
310,341,11.724595
310,324,49.324005
310,344,999
310,321,50.164135
310,311,0.768065
310,320,16.995893
310,332,18.412955
310,360,10.503655
310,329,15.912955
310,316,7.503655
310,350,51.664135
310,346,999
310,357,17.126354
310,335,47.033855
310,353,52.786905
310,309,0.268065
310,305,2.976165
310,314,999
310,362,20.250845
310,310,0.0
310,340,999
310,315,5.003655
310,322,14.681795
310,337,19.912955
310,331,17.228755
310,356,47.611535
310,330,999
310,312,5.128133
310,361,999
340,343,999
340,318,999
340,325,999
340,359,999
340,326,999
340,354,999
340,355,999
340,307,999
340,323,999
340,339,999
340,347,999
340,338,999
340,352,999
340,327,999
340,317,999
340,306,999
340,349,999
340,345,999
340,341,999
340,324,999
340,344,999
340,321,999
340,311,999
340,320,999
340,332,999
340,360,999
340,329,999
340,316,999
340,350,999
340,346,999
340,357,999
340,335,999
340,353,999
340,309,999
340,305,999
340,314,999
340,362,999
340,310,999
340,340,0.0
340,315,999
340,322,999
340,337,999
340,331,999
340,356,999
340,330,999
340,312,999
340,361,999
315,343,16.00105
315,318,16.572673
315,325,15.26988
315,359,6.0
315,326,46.66048
315,354,14.64489
315,355,14.7371282
315,307,59.8123
315,323,17.50547
315,339,11.76988
315,347,13.9093
315,338,999
315,352,16.38762
315,327,46.66048
315,317,999
315,306,8.11116
315,349,15.76988
315,345,14.26988
315,341,16.19212
315,324,44.32035
315,344,999
315,321,45.16048
315,311,5.23559
315,320,11.992238
315,332,16.4093
315,360,5.5
315,329,13.9093
315,316,2.5
315,350,46.66048
315,346,999
315,357,12.122699
315,335,42.0302
315,353,47.78325
315,309,4.73559
315,305,7.44369
315,314,999
315,362,17.24719
315,310,5.003655
315,340,999
315,315,0.0
315,322,19.14932
315,337,16.9093
315,331,15.2251
315,356,42.60788
315,330,999
315,312,0.124478
315,361,999
322,343,11.33177
322,318,11.182233
322,325,4.87944
322,359,18.14932
322,326,43.27004
322,354,4.50443
322,355,4.5966682
322,307,78.96162
322,323,1.64385
322,339,8.37944
322,347,12.24002
322,338,999
322,352,11.71834
322,327,43.27004
322,317,999
322,306,17.7893
322,349,10.37944
322,345,10.87944
322,341,6.05166
322,324,40.92991
322,344,999
322,321,41.77004
322,311,14.91373
322,320,8.601798
322,332,11.74002
322,360,18.64932
322,329,9.24002
322,316,21.64932
322,350,43.27004
322,346,999
322,357,8.732259
322,335,61.17952
322,353,44.39281
322,309,14.41373
322,305,17.12183
322,314,999
322,362,13.57791
322,310,14.681795
322,340,999
322,315,19.14932
322,322,0.0
322,337,13.24002
322,331,10.55582
322,356,39.21744
322,330,999
322,312,19.273798
322,361,999
337,343,6.09175
337,318,7.663373
337,325,8.36058
337,359,12.9093
337,326,37.75118
337,354,9.73559
337,355,9.8278282
337,307,76.7216
337,323,11.59617
337,339,6.86058
337,347,3.0
337,338,999
337,352,6.47832
337,327,39.75118
337,317,999
337,306,23.02046
337,349,6.86058
337,345,7.36058
337,341,9.28282
337,324,35.41105
337,344,999
337,321,38.25118
337,311,20.14489
337,320,7.082938
337,332,6.5
337,360,13.4093
337,329,4.0
337,316,14.4093
337,350,37.75118
337,346,999
337,357,7.213399
337,335,53.9395
337,353,40.87395
337,309,19.64489
337,305,22.35299
337,314,999
337,362,8.33789
337,310,19.912955
337,340,999
337,315,16.9093
337,322,13.24002
337,337,0.0
337,331,5.3158
337,356,33.69858
337,330,999
337,312,17.033778
337,361,999
331,343,3.40755
331,318,5.979173
331,325,5.67638
331,359,10.2251
331,326,42.06698
331,354,7.05139
331,355,7.1436282
331,307,75.0374
331,323,8.91197
331,339,9.17638
331,347,7.6842
331,338,999
331,352,3.79412
331,327,40.06698
331,317,999
331,306,20.33626
331,349,5.17638
331,345,7.67638
331,341,6.59862
331,324,39.72685
331,344,999
331,321,38.56698
331,311,17.46069
331,320,9.398738
331,332,2.1842
331,360,10.7251
331,329,1.3158
331,316,15.7251
331,350,42.06698
331,346,999
331,357,9.529199
331,335,55.2553
331,353,41.18975
331,309,16.96069
331,305,19.66879
331,314,999
331,362,5.65369
331,310,17.228755
331,340,999
331,315,15.2251
331,322,10.55582
331,337,5.3158
331,331,0.0
331,356,38.01438
331,330,999
331,312,15.349578
331,361,999
356,343,38.79033
356,318,33.640793
356,325,34.338
356,359,45.60788
356,326,4.0526
356,354,38.43417
356,355,38.5264082
356,307,102.42018
356,323,37.57359
356,339,30.838
356,347,30.69858
356,338,999
356,352,39.1769
356,327,6.0526
356,317,999
356,306,50.71904
356,349,32.838
356,345,30.338
356,341,38.9814
356,324,1.71247
356,344,999
356,321,7.5526
356,311,47.84347
356,320,31.060358
356,332,36.19858
356,360,46.10788
356,329,36.69858
356,316,42.10788
356,350,4.0526
356,346,999
356,357,31.190819
356,335,81.63808
356,353,10.17537
356,309,47.34347
356,305,50.05157
356,314,999
356,362,41.03647
356,310,47.611535
356,340,999
356,315,42.60788
356,322,39.21744
356,337,33.69858
356,331,38.01438
356,356,0.0
356,330,999
356,312,42.732358
356,361,999
330,343,999
330,318,999
330,325,999
330,359,999
330,326,999
330,354,999
330,355,999
330,307,999
330,323,999
330,339,999
330,347,999
330,338,999
330,352,999
330,327,999
330,317,999
330,306,999
330,349,999
330,345,999
330,341,999
330,324,999
330,344,999
330,321,999
330,311,999
330,320,999
330,332,999
330,360,999
330,329,999
330,316,999
330,350,999
330,346,999
330,357,999
330,335,999
330,353,999
330,309,999
330,305,999
330,314,999
330,362,999
330,310,999
330,340,999
330,315,999
330,322,999
330,337,999
330,331,999
330,356,999
330,330,0.0
330,312,999
330,361,999
312,343,16.125528
312,318,16.697151
312,325,15.394358
312,359,6.124478
312,326,46.784958
312,354,14.769368
312,355,14.8616062
312,307,59.936778
312,323,17.629948
312,339,11.894358
312,347,14.033778
312,338,999
312,352,16.512098
312,327,46.784958
312,317,999
312,306,8.235638
312,349,15.894358
312,345,14.394358
312,341,16.316598
312,324,44.444828
312,344,999
312,321,45.284958
312,311,5.360068
312,320,12.116716
312,332,16.533778
312,360,5.624478
312,329,14.033778
312,316,2.624478
312,350,46.784958
312,346,999
312,357,12.247177
312,335,42.154678
312,353,47.907728
312,309,4.860068
312,305,7.568168
312,314,999
312,362,17.371668
312,310,5.128133
312,340,999
312,315,0.124478
312,322,19.273798
312,337,17.033778
312,331,15.349578
312,356,42.732358
312,330,999
312,312,0.0
312,361,999
361,343,999
361,318,999
361,325,999
361,359,999
361,326,999
361,354,999
361,355,999
361,307,999
361,323,999
361,339,999
361,347,999
361,338,999
361,352,999
361,327,999
361,317,999
361,306,999
361,349,999
361,345,999
361,341,999
361,324,999
361,344,999
361,321,999
361,311,999
361,320,999
361,332,999
361,360,999
361,329,999
361,316,999
361,350,999
361,346,999
361,357,999
361,335,999
361,353,999
361,309,999
361,305,999
361,314,999
361,362,999
361,310,999
361,340,999
361,315,999
361,322,999
361,337,999
361,331,999
361,356,999
361,330,999
361,312,999
361,361,0.0
