388,388,0.0
388,369,42.10794
388,370,3.5466
388,385,6.15732
388,390,7.5548
388,393,7.7933
388,367,42.200625
388,395,35.7218
388,391,45.02602
388,383,2.07513
388,366,44.52602
388,374,39.99772
388,375,6.08234
388,368,45.91636
388,381,32.30372
388,378,41.10794
388,376,4.0466
388,382,5.71029
388,379,8.54787
388,373,8.66535
369,388,42.10794
369,369,0.0
369,370,38.56134
369,385,48.26526
369,390,42.56954
369,393,37.64202
369,367,0.092685
369,395,12.2223
369,391,2.91808
369,383,44.18307
369,366,2.41808
369,374,7.94638
369,375,41.09708
369,368,4.80842
369,381,9.80422
369,378,1.0
369,376,40.06134
369,382,40.72503
369,379,43.56261
369,373,39.51407
370,388,3.5466
370,369,38.56134
370,370,0.0
370,385,9.70392
370,390,4.0082
370,393,4.2467
370,367,38.654025
370,395,32.1752
370,391,41.47942
370,383,5.62173
370,366,40.97942
370,374,36.45112
370,375,2.53574
370,368,42.36976
370,381,28.75712
370,378,37.56134
370,376,1.5
370,382,3.16369
370,379,5.00127
370,373,5.11875
385,388,6.15732
385,369,48.26526
385,370,9.70392
385,385,0.0
385,390,13.71212
385,393,13.95062
385,367,48.357945
385,395,41.87912
385,391,51.18334
385,383,8.23245
385,366,50.68334
385,374,46.15504
385,375,12.23966
385,368,52.07368
385,381,38.46104
385,378,47.26526
385,376,10.20392
385,382,11.86761
385,379,14.70519
385,373,14.82267
390,388,7.5548
390,369,42.56954
390,370,4.0082
390,385,13.71212
390,390,0.0
390,393,6.92752
390,367,42.662225
390,395,36.1834
390,391,45.48762
390,383,9.62993
390,366,44.98762
390,374,40.45932
390,375,1.47246
390,368,46.37796
390,381,32.76532
390,378,41.56954
390,376,3.5082
390,382,7.17189
390,379,3.93799
390,373,5.05547
393,388,7.7933
393,369,37.64202
393,370,4.2467
393,385,13.95062
393,390,6.92752
393,393,0.0
393,367,37.734705
393,395,31.25588
393,391,40.5601
393,383,9.86843
393,366,40.0601
393,374,35.5318
393,375,5.45506
393,368,41.45044
393,381,27.8378
393,378,36.64202
393,376,5.7467
393,382,3.08301
393,379,7.92059
393,373,1.87205
367,388,42.200625
367,369,0.092685
367,370,38.654025
367,385,48.357945
367,390,42.662225
367,393,37.734705
367,367,0.0
367,395,12.314985
367,391,3.010765
367,383,44.275755
367,366,2.510765
367,374,8.039065
367,375,41.189765
367,368,4.901105
367,381,9.896905
367,378,1.092685
367,376,40.154025
367,382,40.817715
367,379,43.655295
367,373,39.606755
395,388,35.7218
395,369,12.2223
395,370,32.1752
395,385,41.87912
395,390,36.1834
395,393,31.25588
395,367,12.314985
395,395,0.0
395,391,9.30422
395,383,37.79693
395,366,9.80422
395,374,4.27592
395,375,34.71094
395,368,12.19456
395,381,3.41808
395,378,12.2223
395,376,33.6752
395,382,34.33889
395,379,37.17647
395,373,33.12793
391,388,45.02602
391,369,2.91808
391,370,41.47942
391,385,51.18334
391,390,45.48762
391,393,40.5601
391,367,3.010765
391,395,9.30422
391,391,0.0
391,383,47.10115
391,366,0.5
391,374,5.0283
391,375,44.01516
391,368,2.89034
391,381,12.7223
391,378,3.91808
391,376,42.97942
391,382,43.64311
391,379,46.48069
391,373,42.43215
383,388,2.07513
383,369,44.18307
383,370,5.62173
383,385,8.23245
383,390,9.62993
383,393,9.86843
383,367,44.275755
383,395,37.79693
383,391,47.10115
383,383,0.0
383,366,46.60115
383,374,42.07285
383,375,8.15747
383,368,47.99149
383,381,34.37885
383,378,43.18307
383,376,6.12173
383,382,7.78542
383,379,10.623
383,373,10.74048
366,388,44.52602
366,369,2.41808
366,370,40.97942
366,385,50.68334
366,390,44.98762
366,393,40.0601
366,367,2.510765
366,395,9.80422
366,391,0.5
366,383,46.60115
366,366,0.0
366,374,5.5283
366,375,43.51516
366,368,2.39034
366,381,12.2223
366,378,3.41808
366,376,42.47942
366,382,43.14311
366,379,45.98069
366,373,41.93215
374,388,39.99772
374,369,7.94638
374,370,36.45112
374,385,46.15504
374,390,40.45932
374,393,35.5318
374,367,8.039065
374,395,4.27592
374,391,5.0283
374,383,42.07285
374,366,5.5283
374,374,0.0
374,375,38.98686
374,368,7.91864
374,381,7.694
374,378,8.94638
374,376,37.95112
374,382,38.61481
374,379,41.45239
374,373,37.40385
375,388,6.08234
375,369,41.09708
375,370,2.53574
375,385,12.23966
375,390,1.47246
375,393,5.45506
375,367,41.189765
375,395,34.71094
375,391,44.01516
375,383,8.15747
375,366,43.51516
375,374,38.98686
375,375,0.0
375,368,44.9055
375,381,31.29286
375,378,40.09708
375,376,2.03574
375,382,5.69943
375,379,2.46553
375,373,3.58301
368,388,45.91636
368,369,4.80842
368,370,42.36976
368,385,52.07368
368,390,46.37796
368,393,41.45044
368,367,4.901105
368,395,12.19456
368,391,2.89034
368,383,47.99149
368,366,2.39034
368,374,7.91864
368,375,44.9055
368,368,0.0
368,381,13.61264
368,378,4.80842
368,376,43.86976
368,382,44.53345
368,379,47.37103
368,373,43.32249
381,388,32.30372
381,369,9.80422
381,370,28.75712
381,385,38.46104
381,390,32.76532
381,393,27.8378
381,367,9.896905
381,395,3.41808
381,391,12.7223
381,383,34.37885
381,366,12.2223
381,374,7.694
381,375,31.29286
381,368,13.61264
381,381,0.0
381,378,8.80422
381,376,30.25712
381,382,30.92081
381,379,33.75839
381,373,29.70985
378,388,41.10794
378,369,1.0
378,370,37.56134
378,385,47.26526
378,390,41.56954
378,393,36.64202
378,367,1.092685
378,395,12.2223
378,391,3.91808
378,383,43.18307
378,366,3.41808
378,374,8.94638
378,375,40.09708
378,368,4.80842
378,381,8.80422
378,378,0.0
378,376,39.06134
378,382,39.72503
378,379,42.56261
378,373,38.51407
376,388,4.0466
376,369,40.06134
376,370,1.5
376,385,10.20392
376,390,3.5082
376,393,5.7467
376,367,40.154025
376,395,33.6752
376,391,42.97942
376,383,6.12173
376,366,42.47942
376,374,37.95112
376,375,2.03574
376,368,43.86976
376,381,30.25712
376,378,39.06134
376,376,0.0
376,382,4.66369
376,379,4.50127
376,373,5.61875
382,388,5.71029
382,369,40.72503
382,370,3.16369
382,385,11.86761
382,390,7.17189
382,393,3.08301
382,367,40.817715
382,395,34.33889
382,391,43.64311
382,383,7.78542
382,366,43.14311
382,374,38.61481
382,375,5.69943
382,368,44.53345
382,381,30.92081
382,378,39.72503
382,376,4.66369
382,382,0.0
382,379,8.16496
382,373,4.95506
379,388,8.54787
379,369,43.56261
379,370,5.00127
379,385,14.70519
379,390,3.93799
379,393,7.92059
379,367,43.655295
379,395,37.17647
379,391,46.48069
379,383,10.623
379,366,45.98069
379,374,41.45239
379,375,2.46553
379,368,47.37103
379,381,33.75839
379,378,42.56261
379,376,4.50127
379,382,8.16496
379,379,0.0
379,373,6.04854
373,388,8.66535
373,369,39.51407
373,370,5.11875
373,385,14.82267
373,390,5.05547
373,393,1.87205
373,367,39.606755
373,395,33.12793
373,391,42.43215
373,383,10.74048
373,366,41.93215
373,374,37.40385
373,375,3.58301
373,368,43.32249
373,381,29.70985
373,378,38.51407
373,376,5.61875
373,382,4.95506
373,379,6.04854
373,373,0.0
