1689,1689,0.0
1689,1698,5.583825
1689,1690,2.63194
1689,1694,7.083825
1689,1681,19.3632072879
1689,1696,5.365148
1689,1695,7.112015
1689,1699,6.083825
1689,1688,5.083825
1689,1701,7.98703228791
1689,1683,18.4323322879
1689,1693,0.5
1689,1700,8.98703228791
1689,1685,21.4252458116
1689,1684,21.043825
1689,1682,21.30508
1698,1689,5.583825
1698,1698,0.0
1698,1690,8.215765
1698,1694,1.5
1698,1681,17.96
1698,1696,0.781323
1698,1695,1.52819
1698,1699,0.5
1698,1688,0.5
1698,1701,6.583825
1698,1683,17.029125
1698,1693,5.083825
1698,1700,5.583825
1698,1685,16.8414208116
1698,1684,16.46
1698,1682,16.721255
1690,1689,2.63194
1690,1698,8.215765
1690,1690,0.0
1690,1694,9.715765
1690,1681,20.3706558134
1690,1696,7.997088
1690,1695,9.743955
1690,1699,8.715765
1690,1688,7.715765
1690,1701,8.99448081342
1690,1683,19.4397808134
1690,1693,3.13194
1690,1700,9.99448081342
1690,1685,22.8706558134
1690,1684,22.8706558134
1690,1682,23.1319108134
1694,1689,7.083825
1694,1698,1.5
1694,1690,9.715765
1694,1694,0.0
1694,1681,16.46
1694,1696,2.281323
1694,1695,2.02819
1694,1699,2.0
1694,1688,2.0
1694,1701,5.083825
1694,1683,15.529125
1694,1693,6.583825
1694,1700,4.083825
1694,1685,15.3414208116
1694,1684,14.96
1694,1682,15.221255
1681,1689,19.3632072879
1681,1698,17.96
1681,1690,20.3706558134
1681,1694,16.46
1681,1681,0.0
1681,1696,18.741323
1681,1695,18.48819
1681,1699,18.46
1681,1688,18.46
1681,1701,11.376175
1681,1683,0.930875
1681,1693,19.8632072879
1681,1700,12.376175
1681,1685,2.5
1681,1684,2.8814208116
1681,1682,3.1426758116
1696,1689,5.365148
1696,1698,0.781323
1696,1690,7.997088
1696,1694,2.281323
1696,1681,18.741323
1696,1696,0.0
1696,1695,2.309513
1696,1699,1.281323
1696,1688,0.281323
1696,1701,7.365148
1696,1683,17.810448
1696,1693,4.865148
1696,1700,6.365148
1696,1685,16.6227438116
1696,1684,16.241323
1696,1682,16.502578
1695,1689,7.112015
1695,1698,1.52819
1695,1690,9.743955
1695,1694,2.02819
1695,1681,18.48819
1695,1696,2.309513
1695,1695,0.0
1695,1699,2.02819
1695,1688,2.02819
1695,1701,7.112015
1695,1683,17.557315
1695,1693,6.612015
1695,1700,6.112015
1695,1685,17.3696108116
1695,1684,16.98819
1695,1682,17.249445
1699,1689,6.083825
1699,1698,0.5
1699,1690,8.715765
1699,1694,2.0
1699,1681,18.46
1699,1696,1.281323
1699,1695,2.02819
1699,1699,0.0
1699,1688,1.0
1699,1701,7.083825
1699,1683,17.529125
1699,1693,5.583825
1699,1700,6.083825
1699,1685,17.3414208116
1699,1684,16.96
1699,1682,17.221255
1688,1689,5.083825
1688,1698,0.5
1688,1690,7.715765
1688,1694,2.0
1688,1681,18.46
1688,1696,0.281323
1688,1695,2.02819
1688,1699,1.0
1688,1688,0.0
1688,1701,7.083825
1688,1683,17.529125
1688,1693,4.583825
1688,1700,6.083825
1688,1685,16.3414208116
1688,1684,15.96
1688,1682,16.221255
1701,1689,7.98703228791
1701,1698,6.583825
1701,1690,8.99448081342
1701,1694,5.083825
1701,1681,11.376175
1701,1696,7.365148
1701,1695,7.112015
1701,1699,7.083825
1701,1688,7.083825
1701,1701,0.0
1701,1683,10.4453
1701,1693,8.48703228791
1701,1700,1.0
1701,1685,13.876175
1701,1684,13.876175
1701,1682,14.13743
1683,1689,18.4323322879
1683,1698,17.029125
1683,1690,19.4397808134
1683,1694,15.529125
1683,1681,0.930875
1683,1696,17.810448
1683,1695,17.557315
1683,1699,17.529125
1683,1688,17.529125
1683,1701,10.4453
1683,1683,0.0
1683,1693,18.9323322879
1683,1700,11.4453
1683,1685,3.430875
1683,1684,3.8122958116
1683,1682,4.0735508116
1693,1689,0.5
1693,1698,5.083825
1693,1690,3.13194
1693,1694,6.583825
1693,1681,19.8632072879
1693,1696,4.865148
1693,1695,6.612015
1693,1699,5.583825
1693,1688,4.583825
1693,1701,8.48703228791
1693,1683,18.9323322879
1693,1693,0.0
1693,1700,9.48703228791
1693,1685,20.9252458116
1693,1684,20.543825
1693,1682,20.80508
1700,1689,8.98703228791
1700,1698,5.583825
1700,1690,9.99448081342
1700,1694,4.083825
1700,1681,12.376175
1700,1696,6.365148
1700,1695,6.112015
1700,1699,6.083825
1700,1688,6.083825
1700,1701,1.0
1700,1683,11.4453
1700,1693,9.48703228791
1700,1700,0.0
1700,1685,13.2575958116
1700,1684,12.876175
1700,1682,13.13743
1685,1689,21.4252458116
1685,1698,16.8414208116
1685,1690,22.8706558134
1685,1694,15.3414208116
1685,1681,2.5
1685,1696,16.6227438116
1685,1695,17.3696108116
1685,1699,17.3414208116
1685,1688,16.3414208116
1685,1701,13.876175
1685,1683,3.430875
1685,1693,20.9252458116
1685,1700,13.2575958116
1685,1685,0.0
1685,1684,0.3814208116
1685,1682,0.6426758116
1684,1689,21.043825
1684,1698,16.46
1684,1690,22.8706558134
1684,1694,14.96
1684,1681,2.8814208116
1684,1696,16.241323
1684,1695,16.98819
1684,1699,16.96
1684,1688,15.96
1684,1701,13.876175
1684,1683,3.8122958116
1684,1693,20.543825
1684,1700,12.876175
1684,1685,0.3814208116
1684,1684,0.0
1684,1682,0.261255
1682,1689,21.30508
1682,1698,16.721255
1682,1690,23.1319108134
1682,1694,15.221255
1682,1681,3.1426758116
1682,1696,16.502578
1682,1695,17.249445
1682,1699,17.221255
1682,1688,16.221255
1682,1701,14.13743
1682,1683,4.0735508116
1682,1693,20.80508
1682,1700,13.13743
1682,1685,0.6426758116
1682,1684,0.261255
1682,1682,0.0
