400,400,0.0
400,444,50.57616
400,401,1.83959
400,405,4.0223792
400,418,42.7206
400,403,2.770465
400,447,21.03892
400,412,16.6192
400,438,19.31391
400,416,19.20839
400,406,3.92878
400,402,2.15593
400,407,1.988816
400,409,22.03892
400,440,16.6634
400,413,53.7342
400,399,1.966195
400,445,21.03892
400,429,22.7563
400,398,999
444,400,50.57616
444,444,0.0
444,401,48.73657
444,405,46.7409792
444,418,88.61758
444,403,49.667445
444,447,29.53724
444,412,33.95696
444,438,36.65167
444,416,31.36777
444,406,46.64738
444,402,49.05291
444,407,48.885796
444,409,30.53724
444,440,37.57382
444,413,3.15804
444,399,48.863175
444,445,29.53724
444,429,27.81986
444,398,999
401,400,1.83959
401,444,48.73657
401,401,0.0
401,405,2.1827892
401,418,40.88101
401,403,0.930875
401,447,19.19933
401,412,14.77961
401,438,17.47432
401,416,17.3688
401,406,2.08919
401,402,0.31634
401,407,0.149226
401,409,20.19933
401,440,14.82381
401,413,51.89461
401,399,0.126605
401,445,19.19933
401,429,20.91671
401,398,999
405,400,4.0223792
405,444,46.7409792
405,401,2.1827892
405,405,0.0
405,418,42.0637992
405,403,3.1136642
405,447,17.2037392
405,412,16.9623992
405,438,19.6571092
405,416,15.3732092
405,406,0.0935992
405,402,2.4991292
405,407,2.3320152
405,409,18.2037392
405,440,15.0065992
405,413,49.8990192
405,399,2.3093942
405,445,18.2037392
405,429,18.9211192
405,398,999
418,400,42.7206
418,444,88.61758
418,401,40.88101
418,405,42.0637992
418,418,0.0
418,403,41.811885
418,447,59.08034
418,412,55.66062
418,438,58.35533
418,416,57.24981
418,406,41.9702
418,402,41.19735
418,407,41.030236
418,409,60.08034
418,440,55.70482
418,413,91.77562
418,399,41.007615
418,445,60.08034
418,429,60.79772
418,398,999
403,400,2.770465
403,444,49.667445
403,401,0.930875
403,405,3.1136642
403,418,41.811885
403,403,0.0
403,447,20.130205
403,412,15.710485
403,438,18.405195
403,416,18.299675
403,406,3.020065
403,402,1.247215
403,407,1.080101
403,409,21.130205
403,440,15.754685
403,413,52.825485
403,399,1.05748
403,445,20.130205
403,429,21.847585
403,398,999
447,400,21.03892
447,444,29.53724
447,401,19.19933
447,405,17.2037392
447,418,59.08034
447,403,20.130205
447,447,0.0
447,412,4.41972
447,438,7.11443
447,416,1.83053
447,406,17.11014
447,402,19.51567
447,407,19.348556
447,409,1.0
447,440,8.03658
447,413,32.69528
447,399,19.325935
447,445,1.0
447,429,1.71738
447,398,999
412,400,16.6192
412,444,33.95696
412,401,14.77961
412,405,16.9623992
412,418,55.66062
412,403,15.710485
412,447,4.41972
412,412,0.0
412,438,2.69471
412,416,6.25025
412,406,16.8688
412,402,15.09595
412,407,14.928836
412,409,5.41972
412,440,5.61686
412,413,37.115
412,399,14.906215
412,445,4.41972
412,429,6.1371
412,398,999
438,400,19.31391
438,444,36.65167
438,401,17.47432
438,405,19.6571092
438,418,58.35533
438,403,18.405195
438,447,7.11443
438,412,2.69471
438,438,0.0
438,416,8.94496
438,406,19.56351
438,402,17.79066
438,407,17.623546
438,409,8.11443
438,440,8.31157
438,413,39.80971
438,399,17.600925
438,445,7.11443
438,429,8.83181
438,398,999
416,400,19.20839
416,444,31.36777
416,401,17.3688
416,405,15.3732092
416,418,57.24981
416,403,18.299675
416,447,1.83053
416,412,6.25025
416,438,8.94496
416,416,0.0
416,406,15.27961
416,402,17.68514
416,407,17.518026
416,409,2.83053
416,440,6.20605
416,413,34.52581
416,399,17.495405
416,445,2.83053
416,429,3.54791
416,398,999
406,400,3.92878
406,444,46.64738
406,401,2.08919
406,405,0.0935992
406,418,41.9702
406,403,3.020065
406,447,17.11014
406,412,16.8688
406,438,19.56351
406,416,15.27961
406,406,0.0
406,402,2.40553
406,407,2.238416
406,409,18.11014
406,440,14.913
406,413,49.80542
406,399,2.215795
406,445,18.11014
406,429,18.82752
406,398,999
402,400,2.15593
402,444,49.05291
402,401,0.31634
402,405,2.4991292
402,418,41.19735
402,403,1.247215
402,447,19.51567
402,412,15.09595
402,438,17.79066
402,416,17.68514
402,406,2.40553
402,402,0.0
402,407,0.465566
402,409,20.51567
402,440,15.14015
402,413,52.21095
402,399,0.442945
402,445,19.51567
402,429,21.23305
402,398,999
407,400,1.988816
407,444,48.885796
407,401,0.149226
407,405,2.3320152
407,418,41.030236
407,403,1.080101
407,447,19.348556
407,412,14.928836
407,438,17.623546
407,416,17.518026
407,406,2.238416
407,402,0.465566
407,407,0.0
407,409,20.348556
407,440,14.973036
407,413,52.043836
407,399,0.275831
407,445,19.348556
407,429,21.065936
407,398,999
409,400,22.03892
409,444,30.53724
409,401,20.19933
409,405,18.2037392
409,418,60.08034
409,403,21.130205
409,447,1.0
409,412,5.41972
409,438,8.11443
409,416,2.83053
409,406,18.11014
409,402,20.51567
409,407,20.348556
409,409,0.0
409,440,9.03658
409,413,33.69528
409,399,20.325935
409,445,1.0
409,429,2.71738
409,398,999
440,400,16.6634
440,444,37.57382
440,401,14.82381
440,405,15.0065992
440,418,55.70482
440,403,15.754685
440,447,8.03658
440,412,5.61686
440,438,8.31157
440,416,6.20605
440,406,14.913
440,402,15.14015
440,407,14.973036
440,409,9.03658
440,440,0.0
440,413,40.73186
440,399,14.950415
440,445,9.03658
440,429,9.75396
440,398,999
413,400,53.7342
413,444,3.15804
413,401,51.89461
413,405,49.8990192
413,418,91.77562
413,403,52.825485
413,447,32.69528
413,412,37.115
413,438,39.80971
413,416,34.52581
413,406,49.80542
413,402,52.21095
413,407,52.043836
413,409,33.69528
413,440,40.73186
413,413,0.0
413,399,52.021215
413,445,32.69528
413,429,30.9779
413,398,999
399,400,1.966195
399,444,48.863175
399,401,0.126605
399,405,2.3093942
399,418,41.007615
399,403,1.05748
399,447,19.325935
399,412,14.906215
399,438,17.600925
399,416,17.495405
399,406,2.215795
399,402,0.442945
399,407,0.275831
399,409,20.325935
399,440,14.950415
399,413,52.021215
399,399,0.0
399,445,19.325935
399,429,21.043315
399,398,999
445,400,21.03892
445,444,29.53724
445,401,19.19933
445,405,18.2037392
445,418,60.08034
445,403,20.130205
445,447,1.0
445,412,4.41972
445,438,7.11443
445,416,2.83053
445,406,18.11014
445,402,19.51567
445,407,19.348556
445,409,1.0
445,440,9.03658
445,413,32.69528
445,399,19.325935
445,445,0.0
445,429,1.71738
445,398,999
429,400,22.7563
429,444,27.81986
429,401,20.91671
429,405,18.9211192
429,418,60.79772
429,403,21.847585
429,447,1.71738
429,412,6.1371
429,438,8.83181
429,416,3.54791
429,406,18.82752
429,402,21.23305
429,407,21.065936
429,409,2.71738
429,440,9.75396
429,413,30.9779
429,399,21.043315
429,445,1.71738
429,429,0.0
429,398,999
398,400,999
398,444,999
398,401,999
398,405,999
398,418,999
398,403,999
398,447,999
398,412,999
398,438,999
398,416,999
398,406,999
398,402,999
398,407,999
398,409,999
398,440,999
398,413,999
398,399,999
398,445,999
398,429,999
398,398,0.0
