69,69,0.0
69,95,999
69,64,999
69,80,999
69,98,999
69,91,999
69,103,999
69,61,999
69,73,999
69,96,999
69,71,999
69,86,999
69,115,999
69,90,999
69,102,999
69,118,999
69,72,999
69,70,999
69,107,999
69,92,999
69,85,999
69,109,999
69,110,999
69,74,999
69,99,999
69,101,999
69,65,999
69,76,999
69,94,999
69,117,999
69,100,999
69,66,999
69,77,999
69,67,999
95,69,999
95,95,0.0
95,64,32.48484
95,80,32.84984
95,98,32.57834
95,91,999
95,103,999
95,61,999
95,73,6.68838
95,96,3.06114
95,71,999
95,86,5.72486
95,115,31.69301
95,90,1.16364
95,102,999
95,118,999
95,72,999
95,70,999
95,107,34.08964
95,92,999
95,85,38.16731
95,109,999
95,110,12.16247
95,74,999
95,99,32.42549
95,101,999
95,65,20.45486
95,76,9.06857
95,94,3.1322085
95,117,6.913696
95,100,999
95,66,20.87636
95,77,35.01137
95,67,21.37636
64,69,999
64,95,32.48484
64,64,0.0
64,80,4.94866
64,98,3.67716
64,91,999
64,103,999
64,61,999
64,73,33.05094
64,96,29.4237
64,71,999
64,86,35.4147
64,115,1.79183
64,90,31.3212
64,102,999
64,118,999
64,72,999
64,70,999
64,107,5.49455
64,92,999
64,85,9.26613
64,109,999
64,110,40.4246
64,74,999
64,99,3.8304
64,101,999
64,65,49.1447
64,76,35.43113
64,94,29.4947685
64,117,33.276256
64,100,999
64,66,49.5662
64,77,6.11019
64,67,50.0662
80,69,999
80,95,32.84984
80,64,4.94866
80,80,0.0
80,98,5.04216
80,91,999
80,103,999
80,61,999
80,73,33.41594
80,96,29.7887
80,71,999
80,86,35.7797
80,115,3.15683
80,90,31.6862
80,102,999
80,118,999
80,72,999
80,70,999
80,107,6.85955
80,92,999
80,85,10.63113
80,109,999
80,110,40.7896
80,74,999
80,99,5.1954
80,101,999
80,65,49.5097
80,76,35.79613
80,94,29.8597685
80,117,33.641256
80,100,999
80,66,49.9312
80,77,2.16153
80,67,50.4312
98,69,999
98,95,32.57834
98,64,3.67716
98,80,5.04216
98,98,0.0
98,91,999
98,103,999
98,61,999
98,73,33.14444
98,96,29.5172
98,71,999
98,86,35.5082
98,115,1.88533
98,90,31.4147
98,102,999
98,118,999
98,72,999
98,70,999
98,107,5.58805
98,92,999
98,85,5.58897
98,109,999
98,110,40.5181
98,74,999
98,99,3.9239
98,101,999
98,65,49.2382
98,76,35.52463
98,94,29.5882685
98,117,33.369756
98,100,999
98,66,49.6597
98,77,3.43303
98,67,50.1597
91,69,999
91,95,999
91,64,999
91,80,999
91,98,999
91,91,0.0
91,103,999
91,61,999
91,73,999
91,96,999
91,71,999
91,86,999
91,115,999
91,90,999
91,102,999
91,118,999
91,72,999
91,70,999
91,107,999
91,92,999
91,85,999
91,109,999
91,110,999
91,74,999
91,99,999
91,101,999
91,65,999
91,76,999
91,94,999
91,117,999
91,100,999
91,66,999
91,77,999
91,67,999
103,69,999
103,95,999
103,64,999
103,80,999
103,98,999
103,91,999
103,103,0.0
103,61,999
103,73,999
103,96,999
103,71,999
103,86,999
103,115,999
103,90,999
103,102,999
103,118,999
103,72,999
103,70,999
103,107,999
103,92,999
103,85,999
103,109,999
103,110,999
103,74,999
103,99,999
103,101,999
103,65,999
103,76,999
103,94,999
103,117,999
103,100,999
103,66,999
103,77,999
103,67,999
61,69,999
61,95,999
61,64,999
61,80,999
61,98,999
61,91,999
61,103,999
61,61,0.0
61,73,999
61,96,999
61,71,999
61,86,999
61,115,999
61,90,999
61,102,999
61,118,999
61,72,999
61,70,999
61,107,999
61,92,999
61,85,999
61,109,999
61,110,999
61,74,999
61,99,999
61,101,999
61,65,999
61,76,999
61,94,999
61,117,999
61,100,999
61,66,999
61,77,999
61,67,999
73,69,999
73,95,6.68838
73,64,33.05094
73,80,33.41594
73,98,33.14444
73,91,999
73,103,999
73,61,999
73,73,0.0
73,96,3.62724
73,71,999
73,86,4.7927
73,115,32.25911
73,90,5.52474
73,102,999
73,118,999
73,72,999
73,70,999
73,107,34.65574
73,92,999
73,85,38.73341
73,109,999
73,110,9.49836
73,74,999
73,99,32.99159
73,101,999
73,65,18.5227
73,76,4.38019
73,94,3.6983085
73,117,0.225316
73,100,999
73,66,18.9442
73,77,35.57747
73,67,19.4442
96,69,999
96,95,3.06114
96,64,29.4237
96,80,29.7887
96,98,29.5172
96,91,999
96,103,999
96,61,999
96,73,3.62724
96,96,0.0
96,71,999
96,86,5.991
96,115,28.63187
96,90,1.8975
96,102,999
96,118,999
96,72,999
96,70,999
96,107,31.0285
96,92,999
96,85,35.10617
96,109,999
96,110,11.0009
96,74,999
96,99,29.36435
96,101,999
96,65,19.721
96,76,6.00743
96,94,0.0710685
96,117,3.852556
96,100,999
96,66,20.1425
96,77,31.95023
96,67,20.6425
71,69,999
71,95,999
71,64,999
71,80,999
71,98,999
71,91,999
71,103,999
71,61,999
71,73,999
71,96,999
71,71,0.0
71,86,999
71,115,999
71,90,999
71,102,999
71,118,999
71,72,999
71,70,999
71,107,999
71,92,999
71,85,999
71,109,999
71,110,999
71,74,999
71,99,999
71,101,999
71,65,999
71,76,999
71,94,999
71,117,999
71,100,999
71,66,999
71,77,999
71,67,999
86,69,999
86,95,5.72486
86,64,35.4147
86,80,35.7797
86,98,35.5082
86,91,999
86,103,999
86,61,999
86,73,4.7927
86,96,5.991
86,71,999
86,86,0.0
86,115,34.62287
86,90,6.8885
86,102,999
86,118,999
86,72,999
86,70,999
86,107,37.0195
86,92,999
86,85,41.09717
86,109,999
86,110,6.43761
86,74,999
86,99,35.35535
86,101,999
86,65,14.73
86,76,4.71811
86,94,6.0620685
86,117,5.018016
86,100,999
86,66,15.1515
86,77,37.94123
86,67,15.6515
115,69,999
115,95,31.69301
115,64,1.79183
115,80,3.15683
115,98,1.88533
115,91,999
115,103,999
115,61,999
115,73,32.25911
115,96,28.63187
115,71,999
115,86,34.62287
115,115,0.0
115,90,30.52937
115,102,999
115,118,999
115,72,999
115,70,999
115,107,3.70272
115,92,999
115,85,7.4743
115,109,999
115,110,39.63277
115,74,999
115,99,2.03857
115,101,999
115,65,48.35287
115,76,34.6393
115,94,28.7029385
115,117,32.484426
115,100,999
115,66,48.77437
115,77,4.31836
115,67,49.27437
90,69,999
90,95,1.16364
90,64,31.3212
90,80,31.6862
90,98,31.4147
90,91,999
90,103,999
90,61,999
90,73,5.52474
90,96,1.8975
90,71,999
90,86,6.8885
90,115,30.52937
90,90,0.0
90,102,999
90,118,999
90,72,999
90,70,999
90,107,32.926
90,92,999
90,85,37.00367
90,109,999
90,110,11.8984
90,74,999
90,99,31.26185
90,101,999
90,65,21.6185
90,76,7.90493
90,94,1.9685685
90,117,5.750056
90,100,999
90,66,22.04
90,77,33.84773
90,67,21.54
102,69,999
102,95,999
102,64,999
102,80,999
102,98,999
102,91,999
102,103,999
102,61,999
102,73,999
102,96,999
102,71,999
102,86,999
102,115,999
102,90,999
102,102,0.0
102,118,999
102,72,999
102,70,999
102,107,999
102,92,999
102,85,999
102,109,999
102,110,999
102,74,999
102,99,999
102,101,999
102,65,999
102,76,999
102,94,999
102,117,999
102,100,999
102,66,999
102,77,999
102,67,999
118,69,999
118,95,999
118,64,999
118,80,999
118,98,999
118,91,999
118,103,999
118,61,999
118,73,999
118,96,999
118,71,999
118,86,999
118,115,999
118,90,999
118,102,999
118,118,0.0
118,72,999
118,70,999
118,107,999
118,92,999
118,85,999
118,109,999
118,110,999
118,74,999
118,99,999
118,101,999
118,65,999
118,76,999
118,94,999
118,117,999
118,100,999
118,66,999
118,77,999
118,67,999
72,69,999
72,95,999
72,64,999
72,80,999
72,98,999
72,91,999
72,103,999
72,61,999
72,73,999
72,96,999
72,71,999
72,86,999
72,115,999
72,90,999
72,102,999
72,118,999
72,72,0.0
72,70,999
72,107,999
72,92,999
72,85,999
72,109,999
72,110,999
72,74,999
72,99,999
72,101,999
72,65,999
72,76,999
72,94,999
72,117,999
72,100,999
72,66,999
72,77,999
72,67,999
70,69,999
70,95,999
70,64,999
70,80,999
70,98,999
70,91,999
70,103,999
70,61,999
70,73,999
70,96,999
70,71,999
70,86,999
70,115,999
70,90,999
70,102,999
70,118,999
70,72,999
70,70,0.0
70,107,999
70,92,999
70,85,999
70,109,999
70,110,999
70,74,999
70,99,999
70,101,999
70,65,999
70,76,999
70,94,999
70,117,999
70,100,999
70,66,999
70,77,999
70,67,999
107,69,999
107,95,34.08964
107,64,5.49455
107,80,6.85955
107,98,5.58805
107,91,999
107,103,999
107,61,999
107,73,34.65574
107,96,31.0285
107,71,999
107,86,37.0195
107,115,3.70272
107,90,32.926
107,102,999
107,118,999
107,72,999
107,70,999
107,107,0.0
107,92,999
107,85,11.17702
107,109,999
107,110,42.0294
107,74,999
107,99,3.92385
107,101,999
107,65,50.7495
107,76,37.03593
107,94,31.0995685
107,117,34.881056
107,100,999
107,66,51.171
107,77,8.02108
107,67,51.671
92,69,999
92,95,999
92,64,999
92,80,999
92,98,999
92,91,999
92,103,999
92,61,999
92,73,999
92,96,999
92,71,999
92,86,999
92,115,999
92,90,999
92,102,999
92,118,999
92,72,999
92,70,999
92,107,999
92,92,0.0
92,85,999
92,109,999
92,110,999
92,74,999
92,99,999
92,101,999
92,65,999
92,76,999
92,94,999
92,117,999
92,100,999
92,66,999
92,77,999
92,67,999
85,69,999
85,95,38.16731
85,64,9.26613
85,80,10.63113
85,98,5.58897
85,91,999
85,103,999
85,61,999
85,73,38.73341
85,96,35.10617
85,71,999
85,86,41.09717
85,115,7.4743
85,90,37.00367
85,102,999
85,118,999
85,72,999
85,70,999
85,107,11.17702
85,92,999
85,85,0.0
85,109,999
85,110,46.10707
85,74,999
85,99,9.51287
85,101,999
85,65,54.82717
85,76,41.1136
85,94,35.1772385
85,117,38.958726
85,100,999
85,66,55.24867
85,77,9.022
85,67,55.74867
109,69,999
109,95,999
109,64,999
109,80,999
109,98,999
109,91,999
109,103,999
109,61,999
109,73,999
109,96,999
109,71,999
109,86,999
109,115,999
109,90,999
109,102,999
109,118,999
109,72,999
109,70,999
109,107,999
109,92,999
109,85,999
109,109,0.0
109,110,999
109,74,999
109,99,999
109,101,999
109,65,999
109,76,999
109,94,999
109,117,999
109,100,999
109,66,999
109,77,999
109,67,999
110,69,999
110,95,12.16247
110,64,40.4246
110,80,40.7896
110,98,40.5181
110,91,999
110,103,999
110,61,999
110,73,9.49836
110,96,11.0009
110,71,999
110,86,6.43761
110,115,39.63277
110,90,11.8984
110,102,999
110,118,999
110,72,999
110,70,999
110,107,42.0294
110,92,999
110,85,46.10707
110,109,999
110,110,0.0
110,74,999
110,99,40.36525
110,101,999
110,65,10.21604
110,76,6.37966
110,94,11.0719685
110,117,9.723676
110,100,999
110,66,11.9855
110,77,42.95113
110,67,12.4855
74,69,999
74,95,999
74,64,999
74,80,999
74,98,999
74,91,999
74,103,999
74,61,999
74,73,999
74,96,999
74,71,999
74,86,999
74,115,999
74,90,999
74,102,999
74,118,999
74,72,999
74,70,999
74,107,999
74,92,999
74,85,999
74,109,999
74,110,999
74,74,0.0
74,99,999
74,101,999
74,65,999
74,76,999
74,94,999
74,117,999
74,100,999
74,66,999
74,77,999
74,67,999
99,69,999
99,95,32.42549
99,64,3.8304
99,80,5.1954
99,98,3.9239
99,91,999
99,103,999
99,61,999
99,73,32.99159
99,96,29.36435
99,71,999
99,86,35.35535
99,115,2.03857
99,90,31.26185
99,102,999
99,118,999
99,72,999
99,70,999
99,107,3.92385
99,92,999
99,85,9.51287
99,109,999
99,110,40.36525
99,74,999
99,99,0.0
99,101,999
99,65,49.08535
99,76,35.37178
99,94,29.4354185
99,117,33.216906
99,100,999
99,66,49.50685
99,77,6.35693
99,67,50.00685
101,69,999
101,95,999
101,64,999
101,80,999
101,98,999
101,91,999
101,103,999
101,61,999
101,73,999
101,96,999
101,71,999
101,86,999
101,115,999
101,90,999
101,102,999
101,118,999
101,72,999
101,70,999
101,107,999
101,92,999
101,85,999
101,109,999
101,110,999
101,74,999
101,99,999
101,101,0.0
101,65,999
101,76,999
101,94,999
101,117,999
101,100,999
101,66,999
101,77,999
101,67,999
65,69,999
65,95,20.45486
65,64,49.1447
65,80,49.5097
65,98,49.2382
65,91,999
65,103,999
65,61,999
65,73,18.5227
65,96,19.721
65,71,999
65,86,14.73
65,115,48.35287
65,90,21.6185
65,102,999
65,118,999
65,72,999
65,70,999
65,107,50.7495
65,92,999
65,85,54.82717
65,109,999
65,110,10.21604
65,74,999
65,99,49.08535
65,101,999
65,65,0.0
65,76,15.5957
65,94,19.7920685
65,117,18.748016
65,100,999
65,66,2.76946
65,77,51.67123
65,67,3.26946
76,69,999
76,95,9.06857
76,64,35.43113
76,80,35.79613
76,98,35.52463
76,91,999
76,103,999
76,61,999
76,73,4.38019
76,96,6.00743
76,71,999
76,86,4.71811
76,115,34.6393
76,90,7.90493
76,102,999
76,118,999
76,72,999
76,70,999
76,107,37.03593
76,92,999
76,85,41.1136
76,109,999
76,110,6.37966
76,74,999
76,99,35.37178
76,101,999
76,65,15.5957
76,76,0.0
76,94,6.0784985
76,117,4.605506
76,100,999
76,66,17.2178
76,77,37.95766
76,67,17.7178
94,69,999
94,95,3.1322085
94,64,29.4947685
94,80,29.8597685
94,98,29.5882685
94,91,999
94,103,999
94,61,999
94,73,3.6983085
94,96,0.0710685
94,71,999
94,86,6.0620685
94,115,28.7029385
94,90,1.9685685
94,102,999
94,118,999
94,72,999
94,70,999
94,107,31.0995685
94,92,999
94,85,35.1772385
94,109,999
94,110,11.0719685
94,74,999
94,99,29.4354185
94,101,999
94,65,19.7920685
94,76,6.0784985
94,94,0.0
94,117,3.9236245
94,100,999
94,66,20.2135685
94,77,32.0212985
94,67,20.7135685
117,69,999
117,95,6.913696
117,64,33.276256
117,80,33.641256
117,98,33.369756
117,91,999
117,103,999
117,61,999
117,73,0.225316
117,96,3.852556
117,71,999
117,86,5.018016
117,115,32.484426
117,90,5.750056
117,102,999
117,118,999
117,72,999
117,70,999
117,107,34.881056
117,92,999
117,85,38.958726
117,109,999
117,110,9.723676
117,74,999
117,99,33.216906
117,101,999
117,65,18.748016
117,76,4.605506
117,94,3.9236245
117,117,0.0
117,100,999
117,66,19.169516
117,77,35.802786
117,67,19.669516
100,69,999
100,95,999
100,64,999
100,80,999
100,98,999
100,91,999
100,103,999
100,61,999
100,73,999
100,96,999
100,71,999
100,86,999
100,115,999
100,90,999
100,102,999
100,118,999
100,72,999
100,70,999
100,107,999
100,92,999
100,85,999
100,109,999
100,110,999
100,74,999
100,99,999
100,101,999
100,65,999
100,76,999
100,94,999
100,117,999
100,100,0.0
100,66,999
100,77,999
100,67,999
66,69,999
66,95,20.87636
66,64,49.5662
66,80,49.9312
66,98,49.6597
66,91,999
66,103,999
66,61,999
66,73,18.9442
66,96,20.1425
66,71,999
66,86,15.1515
66,115,48.77437
66,90,22.04
66,102,999
66,118,999
66,72,999
66,70,999
66,107,51.171
66,92,999
66,85,55.24867
66,109,999
66,110,11.9855
66,74,999
66,99,49.50685
66,101,999
66,65,2.76946
66,76,17.2178
66,94,20.2135685
66,117,19.169516
66,100,999
66,66,0.0
66,77,52.09273
66,67,0.5
77,69,999
77,95,35.01137
77,64,6.11019
77,80,2.16153
77,98,3.43303
77,91,999
77,103,999
77,61,999
77,73,35.57747
77,96,31.95023
77,71,999
77,86,37.94123
77,115,4.31836
77,90,33.84773
77,102,999
77,118,999
77,72,999
77,70,999
77,107,8.02108
77,92,999
77,85,9.022
77,109,999
77,110,42.95113
77,74,999
77,99,6.35693
77,101,999
77,65,51.67123
77,76,37.95766
77,94,32.0212985
77,117,35.802786
77,100,999
77,66,52.09273
77,77,0.0
77,67,52.59273
67,69,999
67,95,21.37636
67,64,50.0662
67,80,50.4312
67,98,50.1597
67,91,999
67,103,999
67,61,999
67,73,19.4442
67,96,20.6425
67,71,999
67,86,15.6515
67,115,49.27437
67,90,21.54
67,102,999
67,118,999
67,72,999
67,70,999
67,107,51.671
67,92,999
67,85,55.74867
67,109,999
67,110,12.4855
67,74,999
67,99,50.00685
67,101,999
67,65,3.26946
67,76,17.7178
67,94,20.7135685
67,117,19.669516
67,100,999
67,66,0.5
67,77,52.59273
67,67,0.0
