461,461,0.0
461,471,999
461,476,999
461,468,999
461,469,999
461,475,999
461,474,999
461,473,999
461,460,999
461,466,999
461,464,999
461,470,999
461,458,999
461,463,999
471,461,999
471,471,0.0
471,476,3.95763899685
471,468,5.62194
471,469,3.35087
471,475,1.0421850879
471,474,0.542185087904
471,473,2.35087
471,460,999
471,466,7.9708550879
471,464,8.49702
471,470,2.8111150879
471,458,999
471,463,3.76032
476,461,999
476,471,3.95763899685
476,476,0.0
476,468,3.27107
476,469,1.0
476,475,4.45763899685
476,474,3.95763899685
476,473,1.60676899685
476,460,999
476,466,10.3863089969
476,464,6.14615
476,470,2.68870899685
476,458,999
476,463,1.40945
468,461,999
468,471,5.62194
468,476,3.27107
468,468,0.0
468,469,4.27107
468,475,6.12194
468,474,5.62194
468,473,3.27107
468,460,999
468,466,12.05061
468,464,2.87508
468,470,4.35301
468,458,999
468,463,1.86162
469,461,999
469,471,3.35087
469,476,1.0
469,468,4.27107
469,469,0.0
469,475,3.85087
469,474,3.35087
469,473,1.0
469,460,999
469,466,9.77954
469,464,7.14615
469,470,2.08194
469,458,999
469,463,2.40945
475,461,999
475,471,1.0421850879
475,476,4.45763899685
475,468,6.12194
475,469,3.85087
475,475,0.0
475,474,0.5
475,473,2.85087
475,460,999
475,466,7.92867
475,464,8.99702
475,470,1.76893
475,458,999
475,463,4.26032
474,461,999
474,471,0.542185087904
474,476,3.95763899685
474,468,5.62194
474,469,3.35087
474,475,0.5
474,474,0.0
474,473,2.35087
474,460,999
474,466,7.42867
474,464,8.49702
474,470,2.26893
474,458,999
474,463,3.76032
473,461,999
473,471,2.35087
473,476,1.60676899685
473,468,3.27107
473,469,1.0
473,475,2.85087
473,474,2.35087
473,473,0.0
473,460,999
473,466,8.77954
473,464,6.14615
473,470,1.08194
473,458,999
473,463,1.40945
460,461,999
460,471,999
460,476,999
460,468,999
460,469,999
460,475,999
460,474,999
460,473,999
460,460,0.0
460,466,999
460,464,999
460,470,999
460,458,999
460,463,999
466,461,999
466,471,7.9708550879
466,476,10.3863089969
466,468,12.05061
466,469,9.77954
466,475,7.92867
466,474,7.42867
466,473,8.77954
466,460,999
466,466,0.0
466,464,14.92569
466,470,9.6976
466,458,999
466,463,10.18899
464,461,999
464,471,8.49702
464,476,6.14615
464,468,2.87508
464,469,7.14615
464,475,8.99702
464,474,8.49702
464,473,6.14615
464,460,999
464,466,14.92569
464,464,0.0
464,470,7.22809
464,458,999
464,463,4.7367
470,461,999
470,471,2.8111150879
470,476,2.68870899685
470,468,4.35301
470,469,2.08194
470,475,1.76893
470,474,2.26893
470,473,1.08194
470,460,999
470,466,9.6976
470,464,7.22809
470,470,0.0
470,458,999
470,463,2.49139
458,461,999
458,471,999
458,476,999
458,468,999
458,469,999
458,475,999
458,474,999
458,473,999
458,460,999
458,466,999
458,464,999
458,470,999
458,458,0.0
458,463,999
463,461,999
463,471,3.76032
463,476,1.40945
463,468,1.86162
463,469,2.40945
463,475,4.26032
463,474,3.76032
463,473,1.40945
463,460,999
463,466,10.18899
463,464,4.7367
463,470,2.49139
463,458,999
463,463,0.0
