480,480,0.0
480,485,38.2437
480,479,20.91304
480,486,36.8289
480,481,137.8915
480,477,18.5227
480,478,50.0565
480,484,89.9626
485,480,38.2437
485,485,0.0
485,479,22.11134
485,486,38.0272
485,481,103.6478
485,477,19.721
485,478,12.8128
485,484,54.7189
479,480,20.91304
479,485,22.11134
479,479,0.0
479,486,20.69654
479,481,117.97846
479,477,2.39034
479,478,29.14346
479,484,70.04956
486,480,36.8289
486,485,38.0272
486,479,20.69654
486,486,0.0
486,481,137.675
486,477,18.3062
486,478,49.84
486,484,89.7461
481,480,137.8915
481,485,103.6478
481,479,117.97846
481,486,137.675
481,481,0.0
481,477,119.3688
481,478,90.835
481,484,48.9289
477,480,18.5227
477,485,19.721
477,479,2.39034
477,486,18.3062
477,481,119.3688
477,477,0.0
477,478,31.5338
477,484,71.4399
478,480,50.0565
478,485,12.8128
478,479,29.14346
478,486,49.84
478,481,90.835
478,477,31.5338
478,478,0.0
478,484,41.9061
484,480,89.9626
484,485,54.7189
484,479,70.04956
484,486,89.7461
484,481,48.9289
484,477,71.4399
484,478,41.9061
484,484,0.0
