524,524,0.0
524,491,14.185316
524,513,1.725316
524,490,15.185316
524,496,0.225316
524,521,3.225316
524,492,14.5667368116
524,528,999
524,505,5.047296
524,501,2.225316
524,500,2.225316
524,526,0.372057
524,527,3.096056
524,502,3.342096
524,525,1.377406
491,524,14.185316
491,491,0.0
491,513,15.46
491,490,2.3814208116
491,496,13.96
491,521,14.3414208116
491,492,0.3814208116
491,528,999
491,505,17.78198
491,501,14.96
491,500,15.3414208116
491,526,14.106741
491,527,16.83074
491,502,17.07678
491,525,15.11209
513,524,1.725316
513,491,15.46
513,513,0.0
513,490,14.46
513,496,1.5
513,521,2.5
513,492,15.8414208116
513,528,999
513,505,3.32198
513,501,0.5
513,500,3.5
513,526,1.646741
513,527,4.37074
513,502,2.61678
513,525,2.65209
490,524,15.185316
490,491,2.3814208116
490,513,14.46
490,490,0.0
490,496,14.96
490,521,11.96
490,492,2.0
490,528,999
490,505,16.78198
490,501,13.96
490,500,12.96
490,526,15.106741
490,527,17.83074
490,502,17.07678
490,525,16.11209
496,524,0.225316
496,491,13.96
496,513,1.5
496,490,14.96
496,496,0.0
496,521,3.0
496,492,14.3414208116
496,528,999
496,505,4.82198
496,501,2.0
496,500,2.0
496,526,0.146741
496,527,2.87074
496,502,3.11678
496,525,1.15209
521,524,3.225316
521,491,14.3414208116
521,513,2.5
521,490,11.96
521,496,3.0
521,521,0.0
521,492,13.96
521,528,999
521,505,4.82198
521,501,2.0
521,500,1.0
521,526,3.146741
521,527,5.87074
521,502,5.11678
521,525,4.15209
492,524,14.5667368116
492,491,0.3814208116
492,513,15.8414208116
492,490,2.0
492,496,14.3414208116
492,521,13.96
492,492,0.0
492,528,999
492,505,18.1634008116
492,501,15.3414208116
492,500,14.96
492,526,14.4881618116
492,527,17.2121608116
492,502,17.4582008116
492,525,15.4935108116
528,524,999
528,491,999
528,513,999
528,490,999
528,496,999
528,521,999
528,492,999
528,528,0.0
528,505,999
528,501,999
528,500,999
528,526,999
528,527,999
528,502,999
528,525,999
505,524,5.047296
505,491,17.78198
505,513,3.32198
505,490,16.78198
505,496,4.82198
505,521,4.82198
505,492,18.1634008116
505,528,999
505,505,0.0
505,501,2.82198
505,500,4.82198
505,526,4.968721
505,527,7.69272
505,502,4.93876
505,525,5.97407
501,524,2.225316
501,491,14.96
501,513,0.5
501,490,13.96
501,496,2.0
501,521,2.0
501,492,15.3414208116
501,528,999
501,505,2.82198
501,501,0.0
501,500,3.0
501,526,2.146741
501,527,4.87074
501,502,3.11678
501,525,3.15209
500,524,2.225316
500,491,15.3414208116
500,513,3.5
500,490,12.96
500,496,2.0
500,521,1.0
500,492,14.96
500,528,999
500,505,4.82198
500,501,3.0
500,500,0.0
500,526,2.146741
500,527,4.87074
500,502,5.11678
500,525,3.15209
526,524,0.372057
526,491,14.106741
526,513,1.646741
526,490,15.106741
526,496,0.146741
526,521,3.146741
526,492,14.4881618116
526,528,999
526,505,4.968721
526,501,2.146741
526,500,2.146741
526,526,0.0
526,527,3.017481
526,502,3.263521
526,525,1.298831
527,524,3.096056
527,491,16.83074
527,513,4.37074
527,490,17.83074
527,496,2.87074
527,521,5.87074
527,492,17.2121608116
527,528,999
527,505,7.69272
527,501,4.87074
527,500,4.87074
527,526,3.017481
527,527,0.0
527,502,5.98752
527,525,4.02283
502,524,3.342096
502,491,17.07678
502,513,2.61678
502,490,17.07678
502,496,3.11678
502,521,5.11678
502,492,17.4582008116
502,528,999
502,505,4.93876
502,501,3.11678
502,500,5.11678
502,526,3.263521
502,527,5.98752
502,502,0.0
502,525,4.26887
525,524,1.377406
525,491,15.11209
525,513,2.65209
525,490,16.11209
525,496,1.15209
525,521,4.15209
525,492,15.4935108116
525,528,999
525,505,5.97407
525,501,3.15209
525,500,3.15209
525,526,1.298831
525,527,4.02283
525,502,4.26887
525,525,0.0
