535,535,0.0
535,545,999
535,536,6.45036
535,548,12.06226
535,534,999
535,544,7.26779
535,551,2.27062
535,542,8.90783
535,556,5.23789
535,538,5.73789
535,555,4.73789
535,540,7.25443
535,546,6.29752
535,532,17.70719
535,530,7.74392
535,550,11.05325
535,531,5.30017
535,533,8.945
545,535,999
545,545,0.0
545,536,999
545,548,999
545,534,999
545,544,999
545,551,999
545,542,999
545,556,999
545,538,999
545,555,999
545,540,999
545,546,999
545,532,999
545,530,999
545,550,999
545,531,999
545,533,999
536,535,6.45036
536,545,999
536,536,0.0
536,548,9.03684
536,534,999
536,544,4.24237
536,551,8.72098
536,542,5.88241
536,556,2.21247
536,538,2.71247
536,555,1.71247
536,540,4.22901
536,546,3.2721
536,532,14.68177
536,530,4.7185
536,550,8.02783
536,531,2.27475
536,533,5.91958
548,535,12.06226
548,545,999
548,536,9.03684
548,548,0.0
548,534,999
548,544,9.85427
548,551,13.33288
548,542,5.48225
548,556,7.82437
548,538,7.32437
548,555,7.32437
548,540,8.84091
548,546,8.884
548,532,20.29367
548,530,4.31834
548,550,13.63973
548,531,7.88665
548,533,5.51942
534,535,999
534,545,999
534,536,999
534,548,999
534,534,0.0
534,544,999
534,551,999
534,542,999
534,556,999
534,538,999
534,555,999
534,540,999
534,546,999
534,532,999
534,530,999
534,550,999
534,531,999
534,533,999
544,535,7.26779
544,545,999
544,536,4.24237
544,548,9.85427
544,534,999
544,544,0.0
544,551,8.53841
544,542,6.69984
544,556,3.0299
544,538,2.5299
544,555,2.5299
544,540,4.04644
544,546,4.08953
544,532,15.4992
544,530,5.53593
544,550,8.84526
544,531,3.09218
544,533,6.73701
551,535,2.27062
551,545,999
551,536,8.72098
551,548,13.33288
551,534,999
551,544,8.53841
551,551,0.0
551,542,10.17845
551,556,7.50851
551,538,6.00851
551,555,7.00851
551,540,7.52505
551,546,7.56814
551,532,18.97781
551,530,9.01454
551,550,13.32387
551,531,7.57079
551,533,10.21562
542,535,8.90783
542,545,999
542,536,5.88241
542,548,5.48225
542,534,999
542,544,6.69984
542,551,10.17845
542,542,0.0
542,556,4.66994
542,538,4.16994
542,555,4.16994
542,540,5.68648
542,546,5.72957
542,532,17.13924
542,530,1.16391
542,550,10.4853
542,531,4.73222
542,533,2.36499
556,535,5.23789
556,545,999
556,536,2.21247
556,548,7.82437
556,534,999
556,544,3.0299
556,551,7.50851
556,542,4.66994
556,556,0.0
556,538,1.5
556,555,0.5
556,540,3.01654
556,546,2.05963
556,532,13.4693
556,530,3.50603
556,550,6.81536
556,531,1.06228
556,533,4.70711
538,535,5.73789
538,545,999
538,536,2.71247
538,548,7.32437
538,534,999
538,544,2.5299
538,551,6.00851
538,542,4.16994
538,556,1.5
538,538,0.0
538,555,1.0
538,540,1.51654
538,546,1.55963
538,532,12.9693
538,530,3.00603
538,550,7.31536
538,531,1.56228
538,533,4.20711
555,535,4.73789
555,545,999
555,536,1.71247
555,548,7.32437
555,534,999
555,544,2.5299
555,551,7.00851
555,542,4.16994
555,556,0.5
555,538,1.0
555,555,0.0
555,540,2.51654
555,546,1.55963
555,532,12.9693
555,530,3.00603
555,550,6.31536
555,531,0.56228
555,533,4.20711
540,535,7.25443
540,545,999
540,536,4.22901
540,548,8.84091
540,534,999
540,544,4.04644
540,551,7.52505
540,542,5.68648
540,556,3.01654
540,538,1.51654
540,555,2.51654
540,540,0.0
540,546,3.07617
540,532,14.48584
540,530,4.52257
540,550,8.8319
540,531,3.07882
540,533,5.72365
546,535,6.29752
546,545,999
546,536,3.2721
546,548,8.884
546,534,999
546,544,4.08953
546,551,7.56814
546,542,5.72957
546,556,2.05963
546,538,1.55963
546,555,1.55963
546,540,3.07617
546,546,0.0
546,532,14.52893
546,530,4.56566
546,550,7.87499
546,531,2.12191
546,533,5.76674
532,535,17.70719
532,545,999
532,536,14.68177
532,548,20.29367
532,534,999
532,544,15.4992
532,551,18.97781
532,542,17.13924
532,556,13.4693
532,538,12.9693
532,555,12.9693
532,540,14.48584
532,546,14.52893
532,532,0.0
532,530,15.97533
532,550,19.28466
532,531,13.53158
532,533,17.17641
530,535,7.74392
530,545,999
530,536,4.7185
530,548,4.31834
530,534,999
530,544,5.53593
530,551,9.01454
530,542,1.16391
530,556,3.50603
530,538,3.00603
530,555,3.00603
530,540,4.52257
530,546,4.56566
530,532,15.97533
530,530,0.0
530,550,9.32139
530,531,3.56831
530,533,1.20108
550,535,11.05325
550,545,999
550,536,8.02783
550,548,13.63973
550,534,999
550,544,8.84526
550,551,13.32387
550,542,10.4853
550,556,6.81536
550,538,7.31536
550,555,6.31536
550,540,8.8319
550,546,7.87499
550,532,19.28466
550,530,9.32139
550,550,0.0
550,531,6.87764
550,533,10.52247
531,535,5.30017
531,545,999
531,536,2.27475
531,548,7.88665
531,534,999
531,544,3.09218
531,551,7.57079
531,542,4.73222
531,556,1.06228
531,538,1.56228
531,555,0.56228
531,540,3.07882
531,546,2.12191
531,532,13.53158
531,530,3.56831
531,550,6.87764
531,531,0.0
531,533,4.76939
533,535,8.945
533,545,999
533,536,5.91958
533,548,5.51942
533,534,999
533,544,6.73701
533,551,10.21562
533,542,2.36499
533,556,4.70711
533,538,4.20711
533,555,4.20711
533,540,5.72365
533,546,5.76674
533,532,17.17641
533,530,1.20108
533,550,10.52247
533,531,4.76939
533,533,0.0
