605,605,0.0
605,572,19.069666
605,581,0.225316
605,604,999
605,606,0.3044953
605,575,19.069666
605,576,18.069666
605,586,5.976696
605,571,20.460006
605,593,1.725316
572,605,19.069666
572,572,0.0
572,581,18.84435
572,604,999
572,606,18.9235293
572,575,1.0
572,576,1.0
572,586,16.09297
572,571,3.39034
572,593,20.34435
581,605,0.225316
581,572,18.84435
581,581,0.0
581,604,999
581,606,0.0791793
581,575,18.84435
581,576,17.84435
581,586,5.75138
581,571,20.23469
581,593,1.5
604,605,999
604,572,999
604,581,999
604,604,0.0
604,606,999
604,575,999
604,576,999
604,586,999
604,571,999
604,593,999
606,605,0.3044953
606,572,18.9235293
606,581,0.0791793
606,604,999
606,606,0.0
606,575,18.9235293
606,576,17.9235293
606,586,5.8305593
606,571,20.3138693
606,593,1.5791793
575,605,19.069666
575,572,1.0
575,581,18.84435
575,604,999
575,606,18.9235293
575,575,0.0
575,576,1.0
575,586,16.09297
575,571,3.39034
575,593,20.34435
576,605,18.069666
576,572,1.0
576,581,17.84435
576,604,999
576,606,17.9235293
576,575,1.0
576,576,0.0
576,586,15.09297
576,571,2.39034
576,593,19.34435
586,605,5.976696
586,572,16.09297
586,581,5.75138
586,604,999
586,606,5.8305593
586,575,16.09297
586,576,15.09297
586,586,0.0
586,571,16.48331
586,593,5.25138
571,605,20.460006
571,572,3.39034
571,581,20.23469
571,604,999
571,606,20.3138693
571,575,3.39034
571,576,2.39034
571,586,16.48331
571,571,0.0
571,593,21.73469
593,605,1.725316
593,572,20.34435
593,581,1.5
593,604,999
593,606,1.5791793
593,575,20.34435
593,576,19.34435
593,586,5.25138
593,571,21.73469
593,593,0.0
