673,673,0.0
673,619,8.81628
673,658,2.5
673,623,9.89025
673,618,9.31628
673,672,1.0
673,629,7.81628
673,645,4.5
673,663,37.15316
673,627,32.39743
673,675,9.81628
673,611,9.81628
673,615,8.31628
673,643,8.91239
673,665,5.31628
673,671,1.0
673,610,10.31628
673,642,6.91239
673,636,5.5
673,624,9.89025
673,641,8.31628
673,625,31.89743
673,678,75.03648
673,617,9.81628
673,652,30.8378
673,633,50.84648
673,626,1.5
673,621,15.13593
673,669,30.8378
673,612,9.31628
673,647,3.0
673,656,10.31628
673,666,8.31628
619,673,8.81628
619,619,0.0
619,658,11.31628
619,623,16.70653
619,618,0.5
619,672,7.81628
619,629,2.0
619,645,8.31628
619,663,40.96944
619,627,36.21371
619,675,2.0
619,611,1.0
619,615,0.5
619,643,4.09611
619,665,3.5
619,671,8.81628
619,610,2.5
619,642,5.09611
619,636,8.31628
619,624,17.70653
619,641,2.5
619,625,36.71371
619,678,67.2202
619,617,2.0
619,652,34.65408
619,633,42.0302
619,626,8.31628
619,621,6.31965
619,669,35.65408
619,612,0.5
619,647,8.81628
619,656,1.5
619,666,5.5
658,673,2.5
658,619,11.31628
658,658,0.0
658,623,12.39025
658,618,11.81628
658,672,3.5
658,629,10.31628
658,645,3.0
658,663,35.65316
658,627,30.89743
658,675,12.31628
658,611,11.31628
658,615,10.81628
658,643,11.41239
658,665,7.81628
658,671,3.5
658,610,12.81628
658,642,9.41239
658,636,7.0
658,624,12.39025
658,641,10.81628
658,625,31.39743
658,678,77.53648
658,617,12.31628
658,652,29.3378
658,633,53.34648
658,626,4.0
658,621,17.63593
658,669,30.3378
658,612,10.81628
658,647,4.5
658,656,12.81628
658,666,10.81628
623,673,9.89025
623,619,16.70653
623,658,12.39025
623,623,0.0
623,618,17.20653
623,672,8.89025
623,629,17.70653
623,645,13.39025
623,663,46.04341
623,627,41.28768
623,675,17.70653
623,611,17.70653
623,615,16.20653
623,643,18.80264
623,665,15.20653
623,671,9.89025
623,610,18.20653
623,642,16.80264
623,636,14.39025
623,624,1.0
623,641,18.20653
623,625,40.78768
623,678,82.92673
623,617,17.70653
623,652,39.72805
623,633,58.73673
623,626,8.39025
623,621,23.02618
623,669,39.72805
623,612,17.20653
623,647,11.89025
623,656,18.20653
623,666,16.20653
618,673,9.31628
618,619,0.5
618,658,11.81628
618,623,17.20653
618,618,0.0
618,672,8.31628
618,629,2.5
618,645,8.81628
618,663,41.46944
618,627,36.71371
618,675,2.5
618,611,1.5
618,615,1.0
618,643,4.59611
618,665,4.0
618,671,9.31628
618,610,3.0
618,642,5.59611
618,636,8.81628
618,624,18.20653
618,641,3.0
618,625,37.21371
618,678,67.7202
618,617,2.5
618,652,35.15408
618,633,42.5302
618,626,8.81628
618,621,6.81965
618,669,36.15408
618,612,1.0
618,647,9.31628
618,656,2.0
618,666,6.0
672,673,1.0
672,619,7.81628
672,658,3.5
672,623,8.89025
672,618,8.31628
672,672,0.0
672,629,8.81628
672,645,4.5
672,663,37.15316
672,627,32.39743
672,675,8.81628
672,611,8.81628
672,615,7.31628
672,643,9.91239
672,665,6.31628
672,671,1.0
672,610,9.31628
672,642,7.91239
672,636,5.5
672,624,9.89025
672,641,9.31628
672,625,31.89743
672,678,74.03648
672,617,8.81628
672,652,30.8378
672,633,49.84648
672,626,0.5
672,621,14.13593
672,669,30.8378
672,612,8.31628
672,647,3.0
672,656,9.31628
672,666,8.31628
629,673,7.81628
629,619,2.0
629,658,10.31628
629,623,17.70653
629,618,2.5
629,672,8.81628
629,629,0.0
629,645,8.31628
629,663,40.96944
629,627,36.21371
629,675,2.0
629,611,3.0
629,615,2.5
629,643,2.09611
629,665,2.5
629,671,7.81628
629,610,4.5
629,642,4.09611
629,636,6.31628
629,624,17.70653
629,641,0.5
629,625,35.71371
629,678,67.2202
629,617,4.0
629,652,34.65408
629,633,43.0302
629,626,9.31628
629,621,7.31965
629,669,34.65408
629,612,2.5
629,647,6.81628
629,656,3.5
629,666,5.5
645,673,4.5
645,619,8.31628
645,658,3.0
645,623,13.39025
645,618,8.81628
645,672,4.5
645,629,8.31628
645,645,0.0
645,663,32.65316
645,627,27.89743
645,675,10.31628
645,611,8.31628
645,615,8.81628
645,643,10.41239
645,665,9.81628
645,671,3.5
645,610,9.81628
645,642,11.41239
645,636,4.0
645,624,14.39025
645,641,8.81628
645,625,28.39743
645,678,75.53648
645,617,9.31628
645,652,26.3378
645,633,50.34648
645,626,5.0
645,621,14.63593
645,669,27.3378
645,612,7.81628
645,647,1.5
645,656,9.81628
645,666,12.81628
663,673,37.15316
663,619,40.96944
663,658,35.65316
663,623,46.04341
663,618,41.46944
663,672,37.15316
663,629,40.96944
663,645,32.65316
663,663,0.0
663,627,7.87499
663,675,42.96944
663,611,40.96944
663,615,41.46944
663,643,43.06555
663,665,42.46944
663,671,36.15316
663,610,42.46944
663,642,44.06555
663,636,36.65316
663,624,47.04341
663,641,41.46944
663,625,7.37499
663,678,108.18964
663,617,41.96944
663,652,6.31536
663,633,82.99964
663,626,37.65316
663,621,47.28909
663,669,6.31536
663,612,40.46944
663,647,34.15316
663,656,42.46944
663,666,45.46944
627,673,32.39743
627,619,36.21371
627,658,30.89743
627,623,41.28768
627,618,36.71371
627,672,32.39743
627,629,36.21371
627,645,27.89743
627,663,7.87499
627,627,0.0
627,675,38.21371
627,611,36.21371
627,615,36.71371
627,643,38.30982
627,665,37.71371
627,671,31.39743
627,610,37.71371
627,642,39.30982
627,636,31.89743
627,624,42.28768
627,641,36.71371
627,625,1.5
627,678,103.43391
627,617,37.21371
627,652,1.55963
627,633,78.24391
627,626,32.89743
627,621,42.53336
627,669,2.55963
627,612,35.71371
627,647,29.39743
627,656,37.71371
627,666,40.71371
675,673,9.81628
675,619,2.0
675,658,12.31628
675,623,17.70653
675,618,2.5
675,672,8.81628
675,629,2.0
675,645,10.31628
675,663,42.96944
675,627,38.21371
675,675,0.0
675,611,3.0
675,615,1.5
675,643,4.09611
675,665,4.5
675,671,9.81628
675,610,3.5
675,642,6.09611
675,636,8.31628
675,624,18.70653
675,641,2.5
675,625,37.71371
675,678,65.2202
675,617,3.0
675,652,36.65408
675,633,41.0302
675,626,9.31628
675,621,8.31965
675,669,36.65408
675,612,2.5
675,647,8.81628
675,656,1.5
675,666,6.5
611,673,9.81628
611,619,1.0
611,658,11.31628
611,623,17.70653
611,618,1.5
611,672,8.81628
611,629,3.0
611,645,8.31628
611,663,40.96944
611,627,36.21371
611,675,3.0
611,611,0.0
611,615,1.5
611,643,5.09611
611,665,4.5
611,671,9.81628
611,610,1.5
611,642,6.09611
611,636,9.31628
611,624,18.70653
611,641,3.5
611,625,36.71371
611,678,68.2202
611,617,1.0
611,652,34.65408
611,633,43.0302
611,626,9.31628
611,621,7.31965
611,669,35.65408
611,612,0.5
611,647,9.81628
611,656,2.5
611,666,4.5
615,673,8.31628
615,619,0.5
615,658,10.81628
615,623,16.20653
615,618,1.0
615,672,7.31628
615,629,2.5
615,645,8.81628
615,663,41.46944
615,627,36.71371
615,675,1.5
615,611,1.5
615,615,0.0
615,643,4.59611
615,665,3.0
615,671,8.31628
615,610,2.0
615,642,4.59611
615,636,8.81628
615,624,17.20653
615,641,3.0
615,625,37.21371
615,678,66.7202
615,617,1.5
615,652,35.15408
615,633,42.5302
615,626,7.81628
615,621,6.81965
615,669,36.15408
615,612,1.0
615,647,9.31628
615,656,2.0
615,666,5.0
643,673,8.91239
643,619,4.09611
643,658,11.41239
643,623,18.80264
643,618,4.59611
643,672,9.91239
643,629,2.09611
643,645,10.41239
643,663,43.06555
643,627,38.30982
643,675,4.09611
643,611,5.09611
643,615,4.59611
643,643,0.0
643,665,3.59611
643,671,9.91239
643,610,6.59611
643,642,2.0
643,636,8.41239
643,624,18.80264
643,641,2.59611
643,625,37.80982
643,678,69.31631
643,617,6.09611
643,652,36.75019
643,633,45.12631
643,626,10.41239
643,621,9.41576
643,669,36.75019
643,612,4.59611
643,647,8.91239
643,656,5.59611
643,666,6.59611
665,673,5.31628
665,619,3.5
665,658,7.81628
665,623,15.20653
665,618,4.0
665,672,6.31628
665,629,2.5
665,645,9.81628
665,663,42.46944
665,627,37.71371
665,675,4.5
665,611,4.5
665,615,3.0
665,643,3.59611
665,665,0.0
665,671,6.31628
665,610,5.0
665,642,1.59611
665,636,8.81628
665,624,15.20653
665,641,3.0
665,625,37.21371
665,678,69.7202
665,617,4.5
665,652,36.15408
665,633,45.5302
665,626,6.81628
665,621,9.81965
665,669,36.15408
665,612,4.0
665,647,8.31628
665,656,5.0
665,666,3.0
671,673,1.0
671,619,8.81628
671,658,3.5
671,623,9.89025
671,618,9.31628
671,672,1.0
671,629,7.81628
671,645,3.5
671,663,36.15316
671,627,31.39743
671,675,9.81628
671,611,9.81628
671,615,8.31628
671,643,9.91239
671,665,6.31628
671,671,0.0
671,610,10.31628
671,642,7.91239
671,636,4.5
671,624,10.89025
671,641,8.31628
671,625,30.89743
671,678,75.03648
671,617,9.81628
671,652,29.8378
671,633,50.84648
671,626,1.5
671,621,15.13593
671,669,29.8378
671,612,9.31628
671,647,2.0
671,656,10.31628
671,666,9.31628
610,673,10.31628
610,619,2.5
610,658,12.81628
610,623,18.20653
610,618,3.0
610,672,9.31628
610,629,4.5
610,645,9.81628
610,663,42.46944
610,627,37.71371
610,675,3.5
610,611,1.5
610,615,2.0
610,643,6.59611
610,665,5.0
610,671,10.31628
610,610,0.0
610,642,6.59611
610,636,10.81628
610,624,19.20653
610,641,5.0
610,625,38.21371
610,678,68.7202
610,617,0.5
610,652,36.15408
610,633,44.5302
610,626,9.81628
610,621,8.81965
610,669,37.15408
610,612,2.0
610,647,11.31628
610,656,4.0
610,666,4.0
642,673,6.91239
642,619,5.09611
642,658,9.41239
642,623,16.80264
642,618,5.59611
642,672,7.91239
642,629,4.09611
642,645,11.41239
642,663,44.06555
642,627,39.30982
642,675,6.09611
642,611,6.09611
642,615,4.59611
642,643,2.0
642,665,1.59611
642,671,7.91239
642,610,6.59611
642,642,0.0
642,636,10.41239
642,624,16.80264
642,641,4.59611
642,625,38.80982
642,678,71.31631
642,617,6.09611
642,652,37.75019
642,633,47.12631
642,626,8.41239
642,621,11.41576
642,669,37.75019
642,612,5.59611
642,647,9.91239
642,656,6.59611
642,666,4.59611
636,673,5.5
636,619,8.31628
636,658,7.0
636,623,14.39025
636,618,8.81628
636,672,5.5
636,629,6.31628
636,645,4.0
636,663,36.65316
636,627,31.89743
636,675,8.31628
636,611,9.31628
636,615,8.81628
636,643,8.41239
636,665,8.81628
636,671,4.5
636,610,10.81628
636,642,10.41239
636,636,0.0
636,624,15.39025
636,641,5.81628
636,625,31.39743
636,678,73.53648
636,617,10.31628
636,652,30.3378
636,633,49.34648
636,626,6.0
636,621,13.63593
636,669,30.3378
636,612,8.81628
636,647,2.5
636,656,9.81628
636,666,11.81628
624,673,9.89025
624,619,17.70653
624,658,12.39025
624,623,1.0
624,618,18.20653
624,672,9.89025
624,629,17.70653
624,645,14.39025
624,663,47.04341
624,627,42.28768
624,675,18.70653
624,611,18.70653
624,615,17.20653
624,643,18.80264
624,665,15.20653
624,671,10.89025
624,610,19.20653
624,642,16.80264
624,636,15.39025
624,624,0.0
624,641,18.20653
624,625,41.78768
624,678,83.92673
624,617,18.70653
624,652,40.72805
624,633,59.73673
624,626,9.39025
624,621,24.02618
624,669,40.72805
624,612,18.20653
624,647,12.89025
624,656,19.20653
624,666,17.20653
641,673,8.31628
641,619,2.5
641,658,10.81628
641,623,18.20653
641,618,3.0
641,672,9.31628
641,629,0.5
641,645,8.81628
641,663,41.46944
641,627,36.71371
641,675,2.5
641,611,3.5
641,615,3.0
641,643,2.59611
641,665,3.0
641,671,8.31628
641,610,5.0
641,642,4.59611
641,636,5.81628
641,624,18.20653
641,641,0.0
641,625,36.21371
641,678,67.7202
641,617,4.5
641,652,35.15408
641,633,43.5302
641,626,9.81628
641,621,7.81965
641,669,35.15408
641,612,3.0
641,647,7.31628
641,656,4.0
641,666,6.0
625,673,31.89743
625,619,36.71371
625,658,31.39743
625,623,40.78768
625,618,37.21371
625,672,31.89743
625,629,35.71371
625,645,28.39743
625,663,7.37499
625,627,1.5
625,675,37.71371
625,611,36.71371
625,615,37.21371
625,643,37.80982
625,665,37.21371
625,671,30.89743
625,610,38.21371
625,642,38.80982
625,636,31.39743
625,624,41.78768
625,641,36.21371
625,625,0.0
625,678,102.93391
625,617,37.71371
625,652,2.05963
625,633,78.74391
625,626,32.39743
625,621,43.03336
625,669,1.05963
625,612,36.21371
625,647,28.89743
625,656,38.21371
625,666,40.21371
678,673,75.03648
678,619,67.2202
678,658,77.53648
678,623,82.92673
678,618,67.7202
678,672,74.03648
678,629,67.2202
678,645,75.53648
678,663,108.18964
678,627,103.43391
678,675,65.2202
678,611,68.2202
678,615,66.7202
678,643,69.31631
678,665,69.7202
678,671,75.03648
678,610,68.7202
678,642,71.31631
678,636,73.53648
678,624,83.92673
678,641,67.7202
678,625,102.93391
678,678,0.0
678,617,68.2202
678,652,101.87428
678,633,26.19
678,626,74.53648
678,621,73.53985
678,669,101.87428
678,612,67.7202
678,647,74.03648
678,656,66.7202
678,666,71.7202
617,673,9.81628
617,619,2.0
617,658,12.31628
617,623,17.70653
617,618,2.5
617,672,8.81628
617,629,4.0
617,645,9.31628
617,663,41.96944
617,627,37.21371
617,675,3.0
617,611,1.0
617,615,1.5
617,643,6.09611
617,665,4.5
617,671,9.81628
617,610,0.5
617,642,6.09611
617,636,10.31628
617,624,18.70653
617,641,4.5
617,625,37.71371
617,678,68.2202
617,617,0.0
617,652,35.65408
617,633,44.0302
617,626,9.31628
617,621,8.31965
617,669,36.65408
617,612,1.5
617,647,10.81628
617,656,3.5
617,666,3.5
652,673,30.8378
652,619,34.65408
652,658,29.3378
652,623,39.72805
652,618,35.15408
652,672,30.8378
652,629,34.65408
652,645,26.3378
652,663,6.31536
652,627,1.55963
652,675,36.65408
652,611,34.65408
652,615,35.15408
652,643,36.75019
652,665,36.15408
652,671,29.8378
652,610,36.15408
652,642,37.75019
652,636,30.3378
652,624,40.72805
652,641,35.15408
652,625,2.05963
652,678,101.87428
652,617,35.65408
652,652,0.0
652,633,76.68428
652,626,31.3378
652,621,40.97373
652,669,1.0
652,612,34.15408
652,647,27.8378
652,656,36.15408
652,666,39.15408
633,673,50.84648
633,619,42.0302
633,658,53.34648
633,623,58.73673
633,618,42.5302
633,672,49.84648
633,629,43.0302
633,645,50.34648
633,663,82.99964
633,627,78.24391
633,675,41.0302
633,611,43.0302
633,615,42.5302
633,643,45.12631
633,665,45.5302
633,671,50.84648
633,610,44.5302
633,642,47.12631
633,636,49.34648
633,624,59.73673
633,641,43.5302
633,625,78.74391
633,678,26.19
633,617,44.0302
633,652,76.68428
633,633,0.0
633,626,50.34648
633,621,48.34985
633,669,77.68428
633,612,42.5302
633,647,49.84648
633,656,42.5302
633,666,47.5302
626,673,1.5
626,619,8.31628
626,658,4.0
626,623,8.39025
626,618,8.81628
626,672,0.5
626,629,9.31628
626,645,5.0
626,663,37.65316
626,627,32.89743
626,675,9.31628
626,611,9.31628
626,615,7.81628
626,643,10.41239
626,665,6.81628
626,671,1.5
626,610,9.81628
626,642,8.41239
626,636,6.0
626,624,9.39025
626,641,9.81628
626,625,32.39743
626,678,74.53648
626,617,9.31628
626,652,31.3378
626,633,50.34648
626,626,0.0
626,621,14.63593
626,669,31.3378
626,612,8.81628
626,647,3.5
626,656,9.81628
626,666,7.81628
621,673,15.13593
621,619,6.31965
621,658,17.63593
621,623,23.02618
621,618,6.81965
621,672,14.13593
621,629,7.31965
621,645,14.63593
621,663,47.28909
621,627,42.53336
621,675,8.31965
621,611,7.31965
621,615,6.81965
621,643,9.41576
621,665,9.81965
621,671,15.13593
621,610,8.81965
621,642,11.41576
621,636,13.63593
621,624,24.02618
621,641,7.81965
621,625,43.03336
621,678,73.53985
621,617,8.31965
621,652,40.97373
621,633,48.34985
621,626,14.63593
621,621,0.0
621,669,41.97373
621,612,6.81965
621,647,14.13593
621,656,7.81965
621,666,11.81965
669,673,30.8378
669,619,35.65408
669,658,30.3378
669,623,39.72805
669,618,36.15408
669,672,30.8378
669,629,34.65408
669,645,27.3378
669,663,6.31536
669,627,2.55963
669,675,36.65408
669,611,35.65408
669,615,36.15408
669,643,36.75019
669,665,36.15408
669,671,29.8378
669,610,37.15408
669,642,37.75019
669,636,30.3378
669,624,40.72805
669,641,35.15408
669,625,1.05963
669,678,101.87428
669,617,36.65408
669,652,1.0
669,633,77.68428
669,626,31.3378
669,621,41.97373
669,669,0.0
669,612,35.15408
669,647,27.8378
669,656,37.15408
669,666,39.15408
612,673,9.31628
612,619,0.5
612,658,10.81628
612,623,17.20653
612,618,1.0
612,672,8.31628
612,629,2.5
612,645,7.81628
612,663,40.46944
612,627,35.71371
612,675,2.5
612,611,0.5
612,615,1.0
612,643,4.59611
612,665,4.0
612,671,9.31628
612,610,2.0
612,642,5.59611
612,636,8.81628
612,624,18.20653
612,641,3.0
612,625,36.21371
612,678,67.7202
612,617,1.5
612,652,34.15408
612,633,42.5302
612,626,8.81628
612,621,6.81965
612,669,35.15408
612,612,0.0
612,647,9.31628
612,656,2.0
612,666,5.0
647,673,3.0
647,619,8.81628
647,658,4.5
647,623,11.89025
647,618,9.31628
647,672,3.0
647,629,6.81628
647,645,1.5
647,663,34.15316
647,627,29.39743
647,675,8.81628
647,611,9.81628
647,615,9.31628
647,643,8.91239
647,665,8.31628
647,671,2.0
647,610,11.31628
647,642,9.91239
647,636,2.5
647,624,12.89025
647,641,7.31628
647,625,28.89743
647,678,74.03648
647,617,10.81628
647,652,27.8378
647,633,49.84648
647,626,3.5
647,621,14.13593
647,669,27.8378
647,612,9.31628
647,647,0.0
647,656,10.31628
647,666,11.31628
656,673,10.31628
656,619,1.5
656,658,12.81628
656,623,18.20653
656,618,2.0
656,672,9.31628
656,629,3.5
656,645,9.81628
656,663,42.46944
656,627,37.71371
656,675,1.5
656,611,2.5
656,615,2.0
656,643,5.59611
656,665,5.0
656,671,10.31628
656,610,4.0
656,642,6.59611
656,636,9.81628
656,624,19.20653
656,641,4.0
656,625,38.21371
656,678,66.7202
656,617,3.5
656,652,36.15408
656,633,42.5302
656,626,9.81628
656,621,7.81965
656,669,37.15408
656,612,2.0
656,647,10.31628
656,656,0.0
656,666,7.0
666,673,8.31628
666,619,5.5
666,658,10.81628
666,623,16.20653
666,618,6.0
666,672,8.31628
666,629,5.5
666,645,12.81628
666,663,45.46944
666,627,40.71371
666,675,6.5
666,611,4.5
666,615,5.0
666,643,6.59611
666,665,3.0
666,671,9.31628
666,610,4.0
666,642,4.59611
666,636,11.81628
666,624,17.20653
666,641,6.0
666,625,40.21371
666,678,71.7202
666,617,3.5
666,652,39.15408
666,633,47.5302
666,626,7.81628
666,621,11.81965
666,669,39.15408
666,612,5.0
666,647,11.31628
666,656,7.0
666,666,0.0
