695,695,0.0
695,717,2.44551
695,716,2.08036
695,719,1.5
695,709,28.3378
695,710,2.0
695,712,5.18255
695,681,2.5
695,685,3.42312
695,715,6.64459
695,707,3.20129
695,693,1.0
695,684,29.96513
695,679,5.16774
695,683,4.43618
695,682,48.8376
695,686,1.0
695,706,34.0632
695,711,5.55041
695,718,40.50081
717,695,2.44551
717,717,0.0
717,716,1.36515
717,719,2.94551
717,709,30.78331
717,710,4.44551
717,712,7.62806
717,681,4.94551
717,685,5.86863
717,715,9.0901
717,707,1.75578
717,693,3.44551
717,684,32.41064
717,679,7.61325
717,683,6.88169
717,682,51.28311
717,686,2.44551
717,706,36.50871
717,711,7.99592
717,718,42.94632
716,695,2.08036
716,717,1.36515
716,716,0.0
716,719,2.58036
716,709,30.41816
716,710,4.08036
716,712,7.26291
716,681,4.58036
716,685,5.50348
716,715,8.72495
716,707,3.12093
716,693,3.08036
716,684,32.04549
716,679,7.2481
716,683,6.51654
716,682,50.91796
716,686,2.08036
716,706,36.14356
716,711,7.63077
716,718,42.58117
719,695,1.5
719,717,2.94551
719,716,2.58036
719,719,0.0
719,709,27.8378
719,710,1.5
719,712,5.68255
719,681,2.51939813302
719,685,3.92312
719,715,7.14459
719,707,3.70129
719,693,0.5
719,684,29.46513
719,679,5.66774
719,683,4.93618
719,682,48.3376
719,686,1.5
719,706,33.5632
719,711,6.05041
719,718,40.00081
709,695,28.3378
709,717,30.78331
709,716,30.41816
709,719,27.8378
709,709,0.0
709,710,29.3378
709,712,33.52035
709,681,30.357198133
709,685,31.76092
709,715,34.98239
709,707,31.53909
709,693,28.3378
709,684,1.62733
709,679,33.50554
709,683,32.77398
709,682,20.4998
709,686,29.3378
709,706,5.7254
709,711,33.88821
709,718,12.16301
710,695,2.0
710,717,4.44551
710,716,4.08036
710,719,1.5
710,709,29.3378
710,710,0.0
710,712,7.18255
710,681,1.01939813302
710,685,3.42312
710,715,7.64459
710,707,5.20129
710,693,1.0
710,684,30.96513
710,679,7.16774
710,683,6.43618
710,682,49.8376
710,686,3.0
710,706,35.0632
710,711,7.55041
710,718,41.50081
712,695,5.18255
712,717,7.62806
712,716,7.26291
712,719,5.68255
712,709,33.52035
712,710,7.18255
712,712,0.0
712,681,7.68255
712,685,8.60567
712,715,11.82714
712,707,8.38384
712,693,6.18255
712,684,35.14768
712,679,10.35029
712,683,9.61873
712,682,54.02015
712,686,5.18255
712,706,39.24575
712,711,10.73296
712,718,45.68336
681,695,2.5
681,717,4.94551
681,716,4.58036
681,719,2.51939813302
681,709,30.357198133
681,710,1.01939813302
681,712,7.68255
681,681,0.0
681,685,4.44251813302
681,715,8.66398813302
681,707,5.70129
681,693,2.01939813302
681,684,31.984528133
681,679,7.66774
681,683,6.93618
681,682,50.856998133
681,686,2.5
681,706,36.082598133
681,711,8.05041
681,718,42.520208133
685,695,3.42312
685,717,5.86863
685,716,5.50348
685,719,3.92312
685,709,31.76092
685,710,3.42312
685,712,8.60567
685,681,4.44251813302
685,685,0.0
685,715,4.22147
685,707,6.62441
685,693,4.42312
685,684,33.38825
685,679,8.59086
685,683,7.8593
685,682,52.26072
685,686,4.42312
685,706,37.48632
685,711,8.97353
685,718,43.92393
715,695,6.64459
715,717,9.0901
715,716,8.72495
715,719,7.14459
715,709,34.98239
715,710,7.64459
715,712,11.82714
715,681,8.66398813302
715,685,4.22147
715,715,0.0
715,707,9.84588
715,693,7.64459
715,684,36.60972
715,679,11.81233
715,683,11.08077
715,682,55.48219
715,686,6.64459
715,706,40.70779
715,711,12.195
715,718,47.1454
707,695,3.20129
707,717,1.75578
707,716,3.12093
707,719,3.70129
707,709,31.53909
707,710,5.20129
707,712,8.38384
707,681,5.70129
707,685,6.62441
707,715,9.84588
707,707,0.0
707,693,4.20129
707,684,33.16642
707,679,8.36903
707,683,7.63747
707,682,52.03889
707,686,3.20129
707,706,37.26449
707,711,8.7517
707,718,43.7021
693,695,1.0
693,717,3.44551
693,716,3.08036
693,719,0.5
693,709,28.3378
693,710,1.0
693,712,6.18255
693,681,2.01939813302
693,685,4.42312
693,715,7.64459
693,707,4.20129
693,693,0.0
693,684,29.96513
693,679,6.16774
693,683,5.43618
693,682,48.8376
693,686,2.0
693,706,34.0632
693,711,6.55041
693,718,40.50081
684,695,29.96513
684,717,32.41064
684,716,32.04549
684,719,29.46513
684,709,1.62733
684,710,30.96513
684,712,35.14768
684,681,31.984528133
684,685,33.38825
684,715,36.60972
684,707,33.16642
684,693,29.96513
684,684,0.0
684,679,35.13287
684,683,34.40131
684,682,22.12713
684,686,30.96513
684,706,7.35273
684,711,35.51554
684,718,13.79034
679,695,5.16774
679,717,7.61325
679,716,7.2481
679,719,5.66774
679,709,33.50554
679,710,7.16774
679,712,10.35029
679,681,7.66774
679,685,8.59086
679,715,11.81233
679,707,8.36903
679,693,6.16774
679,684,35.13287
679,679,0.0
679,683,9.60392
679,682,54.00534
679,686,5.16774
679,706,39.23094
679,711,10.71815
679,718,45.66855
683,695,4.43618
683,717,6.88169
683,716,6.51654
683,719,4.93618
683,709,32.77398
683,710,6.43618
683,712,9.61873
683,681,6.93618
683,685,7.8593
683,715,11.08077
683,707,7.63747
683,693,5.43618
683,684,34.40131
683,679,9.60392
683,683,0.0
683,682,53.27378
683,686,4.43618
683,706,38.49938
683,711,9.98659
683,718,44.93699
682,695,48.8376
682,717,51.28311
682,716,50.91796
682,719,48.3376
682,709,20.4998
682,710,49.8376
682,712,54.02015
682,681,50.856998133
682,685,52.26072
682,715,55.48219
682,707,52.03889
682,693,48.8376
682,684,22.12713
682,679,54.00534
682,683,53.27378
682,682,0.0
682,686,49.8376
682,706,14.7744
682,711,54.38801
682,718,21.21201
686,695,1.0
686,717,2.44551
686,716,2.08036
686,719,1.5
686,709,29.3378
686,710,3.0
686,712,5.18255
686,681,2.5
686,685,4.42312
686,715,6.64459
686,707,3.20129
686,693,2.0
686,684,30.96513
686,679,5.16774
686,683,4.43618
686,682,49.8376
686,686,0.0
686,706,35.0632
686,711,5.55041
686,718,41.50081
706,695,34.0632
706,717,36.50871
706,716,36.14356
706,719,33.5632
706,709,5.7254
706,710,35.0632
706,712,39.24575
706,681,36.082598133
706,685,37.48632
706,715,40.70779
706,707,37.26449
706,693,34.0632
706,684,7.35273
706,679,39.23094
706,683,38.49938
706,682,14.7744
706,686,35.0632
706,706,0.0
706,711,39.61361
706,718,6.43761
711,695,5.55041
711,717,7.99592
711,716,7.63077
711,719,6.05041
711,709,33.88821
711,710,7.55041
711,712,10.73296
711,681,8.05041
711,685,8.97353
711,715,12.195
711,707,8.7517
711,693,6.55041
711,684,35.51554
711,679,10.71815
711,683,9.98659
711,682,54.38801
711,686,5.55041
711,706,39.61361
711,711,0.0
711,718,46.05122
718,695,40.50081
718,717,42.94632
718,716,42.58117
718,719,40.00081
718,709,12.16301
718,710,41.50081
718,712,45.68336
718,681,42.520208133
718,685,43.92393
718,715,47.1454
718,707,43.7021
718,693,40.50081
718,684,13.79034
718,679,45.66855
718,683,44.93699
718,682,21.21201
718,686,41.50081
718,706,6.43761
718,711,46.05122
718,718,0.0
