1047,1047,0.0
1047,1049,100037.353228
1047,1052,100038.372928
1047,1072,100041.531068
1047,1044,100041.031068
1047,1073,999
1047,1038,19.509749
1047,1067,100041.318188
1047,1058,100039.531068
1047,1041,19.558421
1047,1042,100025.855618
1047,1060,999
1047,1028,100023.800628
1047,1078,100040.326108
1047,1030,100025.568712
1047,1075,100039.584528
1047,1064,100023.848678
1047,1070,100041.912841
1047,1046,100034.853228
1047,1068,100035.853228
1047,1029,100024.703125
1047,1076,100024.848678
1047,1033,100025.300628
1047,1040,19.177
1049,1047,100037.353228
1049,1049,0.0
1049,1052,6.0197
1049,1072,8.17784
1049,1044,8.67784
1049,1073,999
1049,1038,100018.261721
1049,1067,8.96496
1049,1058,6.17784
1049,1041,100018.557649
1049,1042,14.6984
1049,1060,999
1049,1028,14.5526
1049,1078,2.97288
1049,1030,14.320684
1049,1075,30.3365
1049,1064,14.50455
1049,1070,9.559613
1049,1046,3.5
1049,1068,3.5
1049,1029,15.455097
1049,1076,15.50455
1049,1033,14.0526
1049,1040,100018.176228
1052,1047,100038.372928
1052,1049,6.0197
1052,1052,0.0
1052,1072,3.15814
1052,1044,2.65814
1052,1073,999
1052,1038,100019.281421
1052,1067,10.98466
1052,1058,4.15814
1052,1041,100019.577349
1052,1042,17.9398
1052,1060,999
1052,1028,17.5723
1052,1078,8.99258
1052,1030,17.340384
1052,1075,33.3562
1052,1064,15.52425
1052,1070,11.579313
1052,1046,4.5197
1052,1068,5.5197
1052,1029,18.474797
1052,1076,16.52425
1052,1033,17.0723
1052,1040,100019.195928
1072,1047,100041.531068
1072,1049,8.17784
1072,1052,3.15814
1072,1072,0.0
1072,1044,4.5
1072,1073,999
1072,1038,100022.439561
1072,1067,14.1428
1072,1058,2.0
1072,1041,100022.735489
1072,1042,21.09794
1072,1060,999
1072,1028,20.73044
1072,1078,11.15072
1072,1030,20.498524
1072,1075,36.51434
1072,1064,18.68239
1072,1070,14.737453
1072,1046,7.67784
1072,1068,8.67784
1072,1029,21.632937
1072,1076,19.68239
1072,1033,20.23044
1072,1040,100022.354068
1044,1047,100041.031068
1044,1049,8.67784
1044,1052,2.65814
1044,1072,4.5
1044,1044,0.0
1044,1073,999
1044,1038,100021.939561
1044,1067,13.6428
1044,1058,2.5
1044,1041,100022.235489
1044,1042,20.59794
1044,1060,999
1044,1028,20.23044
1044,1078,11.65072
1044,1030,19.998524
1044,1075,36.01434
1044,1064,18.18239
1044,1070,14.237453
1044,1046,7.17784
1044,1068,8.17784
1044,1029,21.132937
1044,1076,19.18239
1044,1033,19.73044
1044,1040,100021.854068
1073,1047,999
1073,1049,999
1073,1052,999
1073,1072,999
1073,1044,999
1073,1073,0.0
1073,1038,999
1073,1067,999
1073,1058,999
1073,1041,999
1073,1042,999
1073,1060,999
1073,1028,999
1073,1078,999
1073,1030,999
1073,1075,999
1073,1064,999
1073,1070,999
1073,1046,999
1073,1068,999
1073,1029,999
1073,1076,999
1073,1033,999
1073,1040,999
1038,1047,19.509749
1038,1049,100018.261721
1038,1052,100019.281421
1038,1072,100022.439561
1038,1044,100021.939561
1038,1073,999
1038,1038,0.0
1038,1067,100022.226681
1038,1058,100020.439561
1038,1041,0.71417
1038,1042,100006.764111
1038,1060,999
1038,1028,100004.709121
1038,1078,100021.234601
1038,1030,100006.477205
1038,1075,100020.493021
1038,1064,100004.757171
1038,1070,100022.821334
1038,1046,100015.761721
1038,1068,100016.761721
1038,1029,100005.611618
1038,1076,100005.757171
1038,1033,100006.209121
1038,1040,0.332749
1067,1047,100041.318188
1067,1049,8.96496
1067,1052,10.98466
1067,1072,14.1428
1067,1044,13.6428
1067,1073,999
1067,1038,100022.226681
1067,1067,0.0
1067,1058,12.1428
1067,1041,100022.522609
1067,1042,20.98636
1067,1060,999
1067,1028,18.51756
1067,1078,11.93784
1067,1030,19.285644
1067,1075,34.30146
1067,1064,18.46951
1067,1070,0.594653
1067,1046,7.46496
1067,1068,5.46496
1067,1029,19.420057
1067,1076,19.46951
1067,1033,19.01756
1067,1040,100022.141188
1058,1047,100039.531068
1058,1049,6.17784
1058,1052,4.15814
1058,1072,2.0
1058,1044,2.5
1058,1073,999
1058,1038,100020.439561
1058,1067,12.1428
1058,1058,0.0
1058,1041,100020.735489
1058,1042,19.87624
1058,1060,999
1058,1028,19.73044
1058,1078,9.15072
1058,1030,19.498524
1058,1075,35.51434
1058,1064,16.68239
1058,1070,12.737453
1058,1046,7.67784
1058,1068,8.67784
1058,1029,20.632937
1058,1076,17.68239
1058,1033,19.23044
1058,1040,100020.354068
1041,1047,19.558421
1041,1049,100018.557649
1041,1052,100019.577349
1041,1072,100022.735489
1041,1044,100022.235489
1041,1073,999
1041,1038,0.71417
1041,1067,100022.522609
1041,1058,100020.735489
1041,1041,0.0
1041,1042,100007.060039
1041,1060,999
1041,1028,100005.005049
1041,1078,100021.530529
1041,1030,100006.773133
1041,1075,100020.788949
1041,1064,100005.053099
1041,1070,100023.117262
1041,1046,100016.057649
1041,1068,100017.057649
1041,1029,100005.907546
1041,1076,100006.053099
1041,1033,100006.505049
1041,1040,0.381421
1042,1047,100025.855618
1042,1049,14.6984
1042,1052,17.9398
1042,1072,21.09794
1042,1044,20.59794
1042,1073,999
1042,1038,100006.764111
1042,1067,20.98636
1042,1058,19.87624
1042,1041,100007.060039
1042,1042,0.0
1042,1060,999
1042,1028,4.05499
1042,1078,17.67128
1042,1030,3.823074
1042,1075,19.83889
1042,1064,11.10304
1042,1070,21.581013
1042,1046,16.5214
1042,1068,15.5214
1042,1029,4.957487
1042,1076,12.10304
1042,1033,3.55499
1042,1040,100006.678618
1060,1047,999
1060,1049,999
1060,1052,999
1060,1072,999
1060,1044,999
1060,1073,999
1060,1038,999
1060,1067,999
1060,1058,999
1060,1041,999
1060,1042,999
1060,1060,0.0
1060,1028,999
1060,1078,999
1060,1030,999
1060,1075,999
1060,1064,999
1060,1070,999
1060,1046,999
1060,1068,999
1060,1029,999
1060,1076,999
1060,1033,999
1060,1040,999
1028,1047,100023.800628
1028,1049,14.5526
1028,1052,17.5723
1028,1072,20.73044
1028,1044,20.23044
1028,1073,999
1028,1038,100004.709121
1028,1067,18.51756
1028,1058,19.73044
1028,1041,100005.005049
1028,1042,4.05499
1028,1060,999
1028,1028,0.0
1028,1078,17.52548
1028,1030,1.768084
1028,1075,15.7839
1028,1064,8.04805
1028,1070,19.112213
1028,1046,15.0526
1028,1068,13.0526
1028,1029,0.902497
1028,1076,9.04805
1028,1033,1.5
1028,1040,100004.623628
1078,1047,100040.326108
1078,1049,2.97288
1078,1052,8.99258
1078,1072,11.15072
1078,1044,11.65072
1078,1073,999
1078,1038,100021.234601
1078,1067,11.93784
1078,1058,9.15072
1078,1041,100021.530529
1078,1042,17.67128
1078,1060,999
1078,1028,17.52548
1078,1078,0.0
1078,1030,17.293564
1078,1075,33.30938
1078,1064,17.47743
1078,1070,12.532493
1078,1046,5.47288
1078,1068,6.47288
1078,1029,18.427977
1078,1076,18.47743
1078,1033,17.02548
1078,1040,100021.149108
1030,1047,100025.568712
1030,1049,14.320684
1030,1052,17.340384
1030,1072,20.498524
1030,1044,19.998524
1030,1073,999
1030,1038,100006.477205
1030,1067,19.285644
1030,1058,19.498524
1030,1041,100006.773133
1030,1042,3.823074
1030,1060,999
1030,1028,1.768084
1030,1078,17.293564
1030,1030,0.0
1030,1075,17.551984
1030,1064,9.816134
1030,1070,19.880297
1030,1046,14.820684
1030,1068,13.820684
1030,1029,2.670581
1030,1076,9.816134
1030,1033,0.268084
1030,1040,100006.391712
1075,1047,100039.584528
1075,1049,30.3365
1075,1052,33.3562
1075,1072,36.51434
1075,1044,36.01434
1075,1073,999
1075,1038,100020.493021
1075,1067,34.30146
1075,1058,35.51434
1075,1041,100020.788949
1075,1042,19.83889
1075,1060,999
1075,1028,15.7839
1075,1078,33.30938
1075,1030,17.551984
1075,1075,0.0
1075,1064,23.83195
1075,1070,34.896113
1075,1046,30.8365
1075,1068,28.8365
1075,1029,16.686397
1075,1076,24.83195
1075,1033,17.2839
1075,1040,100020.407528
1064,1047,100023.848678
1064,1049,14.50455
1064,1052,15.52425
1064,1072,18.68239
1064,1044,18.18239
1064,1073,999
1064,1038,100004.757171
1064,1067,18.46951
1064,1058,16.68239
1064,1041,100005.053099
1064,1042,11.10304
1064,1060,999
1064,1028,8.04805
1064,1078,17.47743
1064,1030,9.816134
1064,1075,23.83195
1064,1064,0.0
1064,1070,19.064163
1064,1046,14.00455
1064,1068,13.00455
1064,1029,8.950547
1064,1076,2.0
1064,1033,9.54805
1064,1040,100004.671678
1070,1047,100041.912841
1070,1049,9.559613
1070,1052,11.579313
1070,1072,14.737453
1070,1044,14.237453
1070,1073,999
1070,1038,100022.821334
1070,1067,0.594653
1070,1058,12.737453
1070,1041,100023.117262
1070,1042,21.581013
1070,1060,999
1070,1028,19.112213
1070,1078,12.532493
1070,1030,19.880297
1070,1075,34.896113
1070,1064,19.064163
1070,1070,0.0
1070,1046,8.059613
1070,1068,6.059613
1070,1029,20.01471
1070,1076,20.064163
1070,1033,19.612213
1070,1040,100022.735841
1046,1047,100034.853228
1046,1049,3.5
1046,1052,4.5197
1046,1072,7.67784
1046,1044,7.17784
1046,1073,999
1046,1038,100015.761721
1046,1067,7.46496
1046,1058,7.67784
1046,1041,100016.057649
1046,1042,16.5214
1046,1060,999
1046,1028,15.0526
1046,1078,5.47288
1046,1030,14.820684
1046,1075,30.8365
1046,1064,14.00455
1046,1070,8.059613
1046,1046,0.0
1046,1068,2.0
1046,1029,15.955097
1046,1076,13.00455
1046,1033,14.5526
1046,1040,100015.676228
1068,1047,100035.853228
1068,1049,3.5
1068,1052,5.5197
1068,1072,8.67784
1068,1044,8.17784
1068,1073,999
1068,1038,100016.761721
1068,1067,5.46496
1068,1058,8.67784
1068,1041,100017.057649
1068,1042,15.5214
1068,1060,999
1068,1028,13.0526
1068,1078,6.47288
1068,1030,13.820684
1068,1075,28.8365
1068,1064,13.00455
1068,1070,6.059613
1068,1046,2.0
1068,1068,0.0
1068,1029,13.955097
1068,1076,14.00455
1068,1033,13.5526
1068,1040,100016.676228
1029,1047,100024.703125
1029,1049,15.455097
1029,1052,18.474797
1029,1072,21.632937
1029,1044,21.132937
1029,1073,999
1029,1038,100005.611618
1029,1067,19.420057
1029,1058,20.632937
1029,1041,100005.907546
1029,1042,4.957487
1029,1060,999
1029,1028,0.902497
1029,1078,18.427977
1029,1030,2.670581
1029,1075,16.686397
1029,1064,8.950547
1029,1070,20.01471
1029,1046,15.955097
1029,1068,13.955097
1029,1029,0.0
1029,1076,9.950547
1029,1033,2.402497
1029,1040,100005.526125
1076,1047,100024.848678
1076,1049,15.50455
1076,1052,16.52425
1076,1072,19.68239
1076,1044,19.18239
1076,1073,999
1076,1038,100005.757171
1076,1067,19.46951
1076,1058,17.68239
1076,1041,100006.053099
1076,1042,12.10304
1076,1060,999
1076,1028,9.04805
1076,1078,18.47743
1076,1030,9.816134
1076,1075,24.83195
1076,1064,2.0
1076,1070,20.064163
1076,1046,13.00455
1076,1068,14.00455
1076,1029,9.950547
1076,1076,0.0
1076,1033,9.54805
1076,1040,100005.671678
1033,1047,100025.300628
1033,1049,14.0526
1033,1052,17.0723
1033,1072,20.23044
1033,1044,19.73044
1033,1073,999
1033,1038,100006.209121
1033,1067,19.01756
1033,1058,19.23044
1033,1041,100006.505049
1033,1042,3.55499
1033,1060,999
1033,1028,1.5
1033,1078,17.02548
1033,1030,0.268084
1033,1075,17.2839
1033,1064,9.54805
1033,1070,19.612213
1033,1046,14.5526
1033,1068,13.5526
1033,1029,2.402497
1033,1076,9.54805
1033,1033,0.0
1033,1040,100006.123628
1040,1047,19.177
1040,1049,100018.176228
1040,1052,100019.195928
1040,1072,100022.354068
1040,1044,100021.854068
1040,1073,999
1040,1038,0.332749
1040,1067,100022.141188
1040,1058,100020.354068
1040,1041,0.381421
1040,1042,100006.678618
1040,1060,999
1040,1028,100004.623628
1040,1078,100021.149108
1040,1030,100006.391712
1040,1075,100020.407528
1040,1064,100004.671678
1040,1070,100022.735841
1040,1046,100015.676228
1040,1068,100016.676228
1040,1029,100005.526125
1040,1076,100005.671678
1040,1033,100006.123628
1040,1040,0.0
