1082,1082,0.0
1082,1091,48.719021
1082,1081,0.505899
1082,1083,0.381421
1082,1087,15.155821
1082,1092,6.097041
1082,1084,21.374481
1082,1089,20.881221
1091,1082,48.719021
1091,1091,0.0
1091,1081,48.462078
1091,1083,48.3376
1091,1087,33.5632
1091,1092,54.05322
1091,1084,29.46513
1091,1089,27.8378
1081,1082,0.505899
1081,1091,48.462078
1081,1081,0.0
1081,1083,0.124478
1081,1087,14.898878
1081,1092,5.840098
1081,1084,21.117538
1081,1089,20.624278
1083,1082,0.381421
1083,1091,48.3376
1083,1081,0.124478
1083,1083,0.0
1083,1087,14.7744
1083,1092,5.71562
1083,1084,20.99306
1083,1089,20.4998
1087,1082,15.155821
1087,1091,33.5632
1087,1081,14.898878
1087,1083,14.7744
1087,1087,0.0
1087,1092,20.49002
1087,1084,7.35273
1087,1089,5.7254
1092,1082,6.097041
1092,1091,54.05322
1092,1081,5.840098
1092,1083,5.71562
1092,1087,20.49002
1092,1092,0.0
1092,1084,26.70868
1092,1089,26.21542
1084,1082,21.374481
1084,1091,29.46513
1084,1081,21.117538
1084,1083,20.99306
1084,1087,7.35273
1084,1092,26.70868
1084,1084,0.0
1084,1089,1.62733
1089,1082,20.881221
1089,1091,27.8378
1089,1081,20.624278
1089,1083,20.4998
1089,1087,5.7254
1089,1092,26.21542
1089,1084,1.62733
1089,1089,0.0
