1101,1101,0.0
1101,1097,14.982774
1101,1098,7.31965
1101,1103,6.43761
1101,1104,7.47593
1101,1099,9.47593
1101,1095,15.686958
1101,1105,7.97593
1101,1106,21.151218
1101,1096,15.686958
1101,1094,14.91864
1097,1101,14.982774
1097,1097,0.0
1097,1098,7.663124
1097,1103,12.618034
1097,1104,22.458704
1097,1099,24.458704
1097,1095,0.704184
1097,1105,22.958704
1097,1106,6.168444
1097,1096,0.704184
1097,1094,0.064134
1098,1101,7.31965
1098,1097,7.663124
1098,1098,0.0
1098,1103,13.75726
1098,1104,14.79558
1098,1099,16.79558
1098,1095,8.367308
1098,1105,15.29558
1098,1106,13.831568
1098,1096,8.367308
1098,1094,7.59899
1103,1101,6.43761
1103,1097,12.618034
1103,1098,13.75726
1103,1103,0.0
1103,1104,11.84067
1103,1099,12.84067
1103,1095,13.322218
1103,1105,12.34067
1103,1106,18.786478
1103,1096,13.322218
1103,1094,12.5539
1104,1101,7.47593
1104,1097,22.458704
1104,1098,14.79558
1104,1103,11.84067
1104,1104,0.0
1104,1099,2.0
1104,1095,23.162888
1104,1105,0.5
1104,1106,28.627148
1104,1096,23.162888
1104,1094,22.39457
1099,1101,9.47593
1099,1097,24.458704
1099,1098,16.79558
1099,1103,12.84067
1099,1104,2.0
1099,1099,0.0
1099,1095,25.162888
1099,1105,1.5
1099,1106,30.627148
1099,1096,25.162888
1099,1094,24.39457
1095,1101,15.686958
1095,1097,0.704184
1095,1098,8.367308
1095,1103,13.322218
1095,1104,23.162888
1095,1099,25.162888
1095,1095,0.0
1095,1105,23.662888
1095,1106,6.46426
1095,1096,1.0
1095,1094,0.768318
1105,1101,7.97593
1105,1097,22.958704
1105,1098,15.29558
1105,1103,12.34067
1105,1104,0.5
1105,1099,1.5
1105,1095,23.662888
1105,1105,0.0
1105,1106,29.127148
1105,1096,23.662888
1105,1094,22.89457
1106,1101,21.151218
1106,1097,6.168444
1106,1098,13.831568
1106,1103,18.786478
1106,1104,28.627148
1106,1099,30.627148
1106,1095,6.46426
1106,1105,29.127148
1106,1106,0.0
1106,1096,5.46426
1106,1094,6.232578
1096,1101,15.686958
1096,1097,0.704184
1096,1098,8.367308
1096,1103,13.322218
1096,1104,23.162888
1096,1099,25.162888
1096,1095,1.0
1096,1105,23.662888
1096,1106,5.46426
1096,1096,0.0
1096,1094,0.768318
1094,1101,14.91864
1094,1097,0.064134
1094,1098,7.59899
1094,1103,12.5539
1094,1104,22.39457
1094,1099,24.39457
1094,1095,0.768318
1094,1105,22.89457
1094,1106,6.232578
1094,1096,0.768318
1094,1094,0.0
