1127,1127,0.0
1127,1108,7.40905284434
1127,1121,7.8724
1127,1110,5.8724
1127,1114,13.3099178443
1127,1124,12.3099178443
1127,1109,6.92972784434
1127,1107,10.2274878443
1127,1111,10.5425928443
1127,1116,7.3724
1127,1115,6.8724
1127,1118,9.92972784434
1127,1112,8.92972784434
1127,1113,999
1108,1127,7.40905284434
1108,1108,0.0
1108,1121,3.53665284434
1108,1110,1.53665284434
1108,1114,6.859515
1108,1124,5.859515
1108,1109,0.479325
1108,1107,3.777085
1108,1111,4.09219
1108,1116,3.03665284434
1108,1115,2.53665284434
1108,1118,3.479325
1108,1112,2.479325
1108,1113,999
1121,1127,7.8724
1121,1108,3.53665284434
1121,1121,0.0
1121,1110,2.0
1121,1114,6.00752364571
1121,1124,7.00752364571
1121,1109,3.05732784434
1121,1107,4.92509364571
1121,1111,5.24019864571
1121,1116,0.5
1121,1115,1.0
1121,1118,2.62733364571
1121,1112,1.62733364571
1121,1113,999
1110,1127,5.8724
1110,1108,1.53665284434
1110,1121,2.0
1110,1110,0.0
1110,1114,7.43751784434
1110,1124,6.43751784434
1110,1109,1.05732784434
1110,1107,4.35508784434
1110,1111,4.67019284434
1110,1116,1.5
1110,1115,1.0
1110,1118,4.05732784434
1110,1112,3.05732784434
1110,1113,999
1114,1127,13.3099178443
1114,1108,6.859515
1114,1121,6.00752364571
1114,1110,7.43751784434
1114,1114,0.0
1114,1124,5.75137875158
1114,1109,6.38019
1114,1107,7.67795
1114,1111,7.993055
1114,1116,6.50752364571
1114,1115,7.00752364571
1114,1118,5.38019
1114,1112,4.38019
1114,1113,999
1124,1127,12.3099178443
1124,1108,5.859515
1124,1121,7.00752364571
1124,1110,6.43751784434
1124,1114,5.75137875158
1124,1124,0.0
1124,1109,5.38019
1124,1107,2.08243
1124,1111,2.397535
1124,1116,7.50752364571
1124,1115,7.43751784434
1124,1118,5.38019
1124,1112,5.38019
1124,1113,999
1109,1127,6.92972784434
1109,1108,0.479325
1109,1121,3.05732784434
1109,1110,1.05732784434
1109,1114,6.38019
1109,1124,5.38019
1109,1109,0.0
1109,1107,3.29776
1109,1111,3.612865
1109,1116,2.55732784434
1109,1115,2.05732784434
1109,1118,3.0
1109,1112,2.0
1109,1113,999
1107,1127,10.2274878443
1107,1108,3.777085
1107,1121,4.92509364571
1107,1110,4.35508784434
1107,1114,7.67795
1107,1124,2.08243
1107,1109,3.29776
1107,1107,0.0
1107,1111,0.315105
1107,1116,5.42509364571
1107,1115,5.35508784434
1107,1118,3.29776
1107,1112,3.29776
1107,1113,999
1111,1127,10.5425928443
1111,1108,4.09219
1111,1121,5.24019864571
1111,1110,4.67019284434
1111,1114,7.993055
1111,1124,2.397535
1111,1109,3.612865
1111,1107,0.315105
1111,1111,0.0
1111,1116,5.74019864571
1111,1115,5.67019284434
1111,1118,3.612865
1111,1112,3.612865
1111,1113,999
1116,1127,7.3724
1116,1108,3.03665284434
1116,1121,0.5
1116,1110,1.5
1116,1114,6.50752364571
1116,1124,7.50752364571
1116,1109,2.55732784434
1116,1107,5.42509364571
1116,1111,5.74019864571
1116,1116,0.0
1116,1115,0.5
1116,1118,3.12733364571
1116,1112,2.12733364571
1116,1113,999
1115,1127,6.8724
1115,1108,2.53665284434
1115,1121,1.0
1115,1110,1.0
1115,1114,7.00752364571
1115,1124,7.43751784434
1115,1109,2.05732784434
1115,1107,5.35508784434
1115,1111,5.67019284434
1115,1116,0.5
1115,1115,0.0
1115,1118,3.62733364571
1115,1112,2.62733364571
1115,1113,999
1118,1127,9.92972784434
1118,1108,3.479325
1118,1121,2.62733364571
1118,1110,4.05732784434
1118,1114,5.38019
1118,1124,5.38019
1118,1109,3.0
1118,1107,3.29776
1118,1111,3.612865
1118,1116,3.12733364571
1118,1115,3.62733364571
1118,1118,0.0
1118,1112,1.0
1118,1113,999
1112,1127,8.92972784434
1112,1108,2.479325
1112,1121,1.62733364571
1112,1110,3.05732784434
1112,1114,4.38019
1112,1124,5.38019
1112,1109,2.0
1112,1107,3.29776
1112,1111,3.612865
1112,1116,2.12733364571
1112,1115,2.62733364571
1112,1118,1.0
1112,1112,0.0
1112,1113,999
1113,1127,999
1113,1108,999
1113,1121,999
1113,1110,999
1113,1114,999
1113,1124,999
1113,1109,999
1113,1107,999
1113,1111,999
1113,1116,999
1113,1115,999
1113,1118,999
1113,1112,999
1113,1113,0.0
