1128,1128,0.0
1128,1129,3.30824
1128,1135,7.2221
1128,1139,3.63212
1128,1143,3.85886
1128,1142,3.35886
1128,1138,29.43357
1128,1134,5.18636
1128,1148,1.59577
1129,1128,3.30824
1129,1129,0.0
1129,1135,7.3388
1129,1139,3.74882
1129,1143,3.97556
1129,1142,3.47556
1129,1138,29.55027
1129,1134,5.30306
1129,1148,1.71247
1135,1128,7.2221
1135,1129,7.3388
1135,1135,0.0
1135,1139,4.1365
1135,1143,4.36324
1135,1142,3.86324
1135,1138,33.46413
1135,1134,2.03574
1135,1148,5.62633
1139,1128,3.63212
1139,1129,3.74882
1139,1135,4.1365
1139,1139,0.0
1139,1143,0.77326
1139,1142,0.27326
1139,1138,29.87415
1139,1134,2.10076
1139,1148,2.03635
1143,1128,3.85886
1143,1129,3.97556
1143,1135,4.36324
1143,1139,0.77326
1143,1143,0.0
1143,1142,0.5
1143,1138,30.10089
1143,1134,2.3275
1143,1148,2.26309
1142,1128,3.35886
1142,1129,3.47556
1142,1135,3.86324
1142,1139,0.27326
1142,1143,0.5
1142,1142,0.0
1142,1138,29.60089
1142,1134,1.8275
1142,1148,1.76309
1138,1128,29.43357
1138,1129,29.55027
1138,1135,33.46413
1138,1139,29.87415
1138,1143,30.10089
1138,1142,29.60089
1138,1138,0.0
1138,1134,31.42839
1138,1148,27.8378
1134,1128,5.18636
1134,1129,5.30306
1134,1135,2.03574
1134,1139,2.10076
1134,1143,2.3275
1134,1142,1.8275
1134,1138,31.42839
1134,1134,0.0
1134,1148,3.59059
1148,1128,1.59577
1148,1129,1.71247
1148,1135,5.62633
1148,1139,2.03635
1148,1143,2.26309
1148,1142,1.76309
1148,1138,27.8378
1148,1134,3.59059
1148,1148,0.0
