1167,1167,0.0
1167,1163,34.4324
1167,1164,100085.6634
1167,1168,81.2981
1167,1156,75.7524
1167,1158,76.2524
1167,1159,100085.45736
1167,1152,5.0
1167,1169,999
1167,1161,84.7981
1167,1175,5.0
1167,1157,100003.0004
1167,1177,4.5
1167,1155,71.2524
1167,1170,100085.2981
1167,1171,100085.49349
1167,1176,100004.5
1167,1153,2.0
1167,1166,100085.2981
1167,1178,85.2981
1167,1154,71.7524
1163,1167,34.4324
1163,1163,0.0
1163,1164,100054.2307
1163,1168,50.8657
1163,1156,43.32
1163,1158,42.82
1163,1159,100054.02466
1163,1152,35.4324
1163,1169,999
1163,1161,52.3657
1163,1175,35.4324
1163,1157,99969.568
1163,1177,34.9324
1163,1155,40.82
1163,1170,100052.8657
1163,1171,100054.06079
1163,1176,100034.9324
1163,1153,32.4324
1163,1166,100052.8657
1163,1178,52.8657
1163,1154,41.32
1164,1167,100085.6634
1164,1163,100054.2307
1164,1164,0.0
1164,1168,100004.3653
1164,1156,100011.9107
1164,1158,100011.4107
1164,1159,2.52396
1164,1152,100085.6631
1164,1169,999
1164,1161,100001.865
1164,1175,100085.6631
1164,1157,199938.1587
1164,1177,100084.1631
1164,1155,100014.411
1164,1170,200001.365
1164,1171,2.56009
1164,1176,200084.1631
1164,1153,100085.6631
1164,1166,200001.365
1164,1178,100001.365
1164,1154,100014.911
1168,1167,81.2981
1168,1163,50.8657
1168,1164,100004.3653
1168,1168,0.0
1168,1156,13.5457
1168,1158,13.0457
1168,1159,100004.15926
1168,1152,84.2981
1168,1169,999
1168,1161,3.5
1168,1175,84.2981
1168,1157,99939.7937
1168,1177,84.7981
1168,1155,10.0457
1168,1170,100004.0
1168,1171,100004.19539
1168,1176,100084.7981
1168,1153,82.2981
1168,1166,100004.0
1168,1178,4.0
1168,1154,10.5457
1156,1167,75.7524
1156,1163,43.32
1156,1164,100011.9107
1156,1168,13.5457
1156,1156,0.0
1156,1158,0.5
1156,1159,100011.70466
1156,1152,73.7524
1156,1169,999
1156,1161,10.0457
1156,1175,73.7524
1156,1157,99927.248
1156,1177,73.2524
1156,1155,4.5
1156,1170,100010.5457
1156,1171,100011.74079
1156,1176,100073.2524
1156,1153,74.7524
1156,1166,100010.5457
1156,1178,10.5457
1156,1154,5.0
1158,1167,76.2524
1158,1163,42.82
1158,1164,100011.4107
1158,1168,13.0457
1158,1156,0.5
1158,1158,0.0
1158,1159,100011.20466
1158,1152,74.2524
1158,1169,999
1158,1161,9.5457
1158,1175,74.2524
1158,1157,99926.748
1158,1177,72.7524
1158,1155,5.0
1158,1170,100010.0457
1158,1171,100011.24079
1158,1176,100072.7524
1158,1153,74.2524
1158,1166,100010.0457
1158,1178,10.0457
1158,1154,5.5
1159,1167,100085.45736
1159,1163,100054.02466
1159,1164,2.52396
1159,1168,100004.15926
1159,1156,100011.70466
1159,1158,100011.20466
1159,1159,0.0
1159,1152,100085.45706
1159,1169,999
1159,1161,100001.65896
1159,1175,100085.45706
1159,1157,199937.95266
1159,1177,100083.95706
1159,1155,100014.20496
1159,1170,200001.15896
1159,1171,2.35405
1159,1176,200083.95706
1159,1153,100085.45706
1159,1166,200001.15896
1159,1178,100001.15896
1159,1154,100014.70496
1152,1167,5.0
1152,1163,35.4324
1152,1164,100085.6631
1152,1168,84.2981
1152,1156,73.7524
1152,1158,74.2524
1152,1159,100085.45706
1152,1152,0.0
1152,1169,999
1152,1161,83.7981
1152,1175,1.0
1152,1157,100001.0
1152,1177,2.5
1152,1155,74.2524
1152,1170,100082.3
1152,1171,100085.49319
1152,1176,100001.5
1152,1153,3.0
1152,1166,100084.2981
1152,1178,84.2981
1152,1154,74.7524
1169,1167,999
1169,1163,999
1169,1164,999
1169,1168,999
1169,1156,999
1169,1158,999
1169,1159,999
1169,1152,999
1169,1169,0.0
1169,1161,999
1169,1175,999
1169,1157,999
1169,1177,999
1169,1155,999
1169,1170,999
1169,1171,999
1169,1176,999
1169,1153,999
1169,1166,999
1169,1178,999
1169,1154,999
1161,1167,84.7981
1161,1163,52.3657
1161,1164,100001.865
1161,1168,3.5
1161,1156,10.0457
1161,1158,9.5457
1161,1159,100001.65896
1161,1152,83.7981
1161,1169,999
1161,1161,0.0
1161,1175,83.7981
1161,1157,99936.2937
1161,1177,82.2981
1161,1155,13.5457
1161,1170,100000.5
1161,1171,100001.69509
1161,1176,100082.2981
1161,1153,83.7981
1161,1166,100000.5
1161,1178,0.5
1161,1154,14.0457
1175,1167,5.0
1175,1163,35.4324
1175,1164,100085.6631
1175,1168,84.2981
1175,1156,73.7524
1175,1158,74.2524
1175,1159,100085.45706
1175,1152,1.0
1175,1169,999
1175,1161,83.7981
1175,1175,0.0
1175,1157,100000.0
1175,1177,1.5
1175,1155,74.2524
1175,1170,100081.3
1175,1171,100085.49319
1175,1176,100000.5
1175,1153,3.0
1175,1166,100084.2981
1175,1178,84.2981
1175,1154,74.7524
1157,1167,100003.0004
1157,1163,99969.568
1157,1164,199938.1587
1157,1168,99939.7937
1157,1156,99927.248
1157,1158,99926.748
1157,1159,199937.95266
1157,1152,100001.0
1157,1169,999
1157,1161,99936.2937
1157,1175,100000.0
1157,1157,0.0
1157,1177,99999.5
1157,1155,99931.748
1157,1170,199936.7937
1157,1171,199937.98879
1157,1176,199999.5
1157,1153,100001.0004
1157,1166,199936.7937
1157,1178,99936.7937
1157,1154,99932.248
1177,1167,4.5
1177,1163,34.9324
1177,1164,100084.1631
1177,1168,84.7981
1177,1156,73.2524
1177,1158,72.7524
1177,1159,100083.95706
1177,1152,2.5
1177,1169,999
1177,1161,82.2981
1177,1175,1.5
1177,1157,99999.5
1177,1177,0.0
1177,1155,74.7524
1177,1170,100082.7981
1177,1171,100083.99319
1177,1176,100000.0
1177,1153,2.5
1177,1166,100082.7981
1177,1178,82.7981
1177,1154,75.2524
1155,1167,71.2524
1155,1163,40.82
1155,1164,100014.411
1155,1168,10.0457
1155,1156,4.5
1155,1158,5.0
1155,1159,100014.20496
1155,1152,74.2524
1155,1169,999
1155,1161,13.5457
1155,1175,74.2524
1155,1157,99931.748
1155,1177,74.7524
1155,1155,0.0
1155,1170,100014.0457
1155,1171,100014.24109
1155,1176,100074.7524
1155,1153,72.2524
1155,1166,100014.0457
1155,1178,14.0457
1155,1154,0.5
1170,1167,100085.2981
1170,1163,100052.8657
1170,1164,200001.365
1170,1168,100004.0
1170,1156,100010.5457
1170,1158,100010.0457
1170,1159,200001.15896
1170,1152,100082.3
1170,1169,999
1170,1161,100000.5
1170,1175,100081.3
1170,1157,199936.7937
1170,1177,100082.7981
1170,1155,100014.0457
1170,1170,0.0
1170,1171,200001.19509
1170,1176,200081.8
1170,1153,100084.2981
1170,1166,200000.0
1170,1178,100000.0
1170,1154,100014.5457
1171,1167,100085.49349
1171,1163,100054.06079
1171,1164,2.56009
1171,1168,100004.19539
1171,1156,100011.74079
1171,1158,100011.24079
1171,1159,2.35405
1171,1152,100085.49319
1171,1169,999
1171,1161,100001.69509
1171,1175,100085.49319
1171,1157,199937.98879
1171,1177,100083.99319
1171,1155,100014.24109
1171,1170,200001.19509
1171,1171,0.0
1171,1176,200083.99319
1171,1153,100085.49319
1171,1166,200001.19509
1171,1178,100001.19509
1171,1154,100014.74109
1176,1167,100004.5
1176,1163,100034.9324
1176,1164,200084.1631
1176,1168,100084.7981
1176,1156,100073.2524
1176,1158,100072.7524
1176,1159,200083.95706
1176,1152,100001.5
1176,1169,999
1176,1161,100082.2981
1176,1175,100000.5
1176,1157,199999.5
1176,1177,100000.0
1176,1155,100074.7524
1176,1170,200081.8
1176,1171,200083.99319
1176,1176,0.0
1176,1153,100002.5
1176,1166,200082.7981
1176,1178,100082.7981
1176,1154,100075.2524
1153,1167,2.0
1153,1163,32.4324
1153,1164,100085.6631
1153,1168,82.2981
1153,1156,74.7524
1153,1158,74.2524
1153,1159,100085.45706
1153,1152,3.0
1153,1169,999
1153,1161,83.7981
1153,1175,3.0
1153,1157,100001.0004
1153,1177,2.5
1153,1155,72.2524
1153,1170,100084.2981
1153,1171,100085.49319
1153,1176,100002.5
1153,1153,0.0
1153,1166,100084.2981
1153,1178,84.2981
1153,1154,72.7524
1166,1167,100085.2981
1166,1163,100052.8657
1166,1164,200001.365
1166,1168,100004.0
1166,1156,100010.5457
1166,1158,100010.0457
1166,1159,200001.15896
1166,1152,100084.2981
1166,1169,999
1166,1161,100000.5
1166,1175,100084.2981
1166,1157,199936.7937
1166,1177,100082.7981
1166,1155,100014.0457
1166,1170,200000.0
1166,1171,200001.19509
1166,1176,200082.7981
1166,1153,100084.2981
1166,1166,0.0
1166,1178,100000.0
1166,1154,100014.5457
1178,1167,85.2981
1178,1163,52.8657
1178,1164,100001.365
1178,1168,4.0
1178,1156,10.5457
1178,1158,10.0457
1178,1159,100001.15896
1178,1152,84.2981
1178,1169,999
1178,1161,0.5
1178,1175,84.2981
1178,1157,99936.7937
1178,1177,82.7981
1178,1155,14.0457
1178,1170,100000.0
1178,1171,100001.19509
1178,1176,100082.7981
1178,1153,84.2981
1178,1166,100000.0
1178,1178,0.0
1178,1154,14.5457
1154,1167,71.7524
1154,1163,41.32
1154,1164,100014.911
1154,1168,10.5457
1154,1156,5.0
1154,1158,5.5
1154,1159,100014.70496
1154,1152,74.7524
1154,1169,999
1154,1161,14.0457
1154,1175,74.7524
1154,1157,99932.248
1154,1177,75.2524
1154,1155,0.5
1154,1170,100014.5457
1154,1171,100014.74109
1154,1176,100075.2524
1154,1153,72.7524
1154,1166,100014.5457
1154,1178,14.5457
1154,1154,0.0
