1184,1184,0.0
1184,1185,70.2334
1184,1182,999
1184,1186,62.3681
1184,1191,37.055325
1184,1180,18.5227
1184,1183,999
1184,1181,21.0309
1184,1190,78.09458
1185,1184,70.2334
1185,1185,0.0
1185,1182,999
1185,1186,8.8653
1185,1191,70.243325
1185,1180,51.7107
1185,1183,999
1185,1181,49.2025
1185,1190,7.86118
1182,1184,999
1182,1185,999
1182,1182,0.0
1182,1186,999
1182,1191,999
1182,1180,999
1182,1183,999
1182,1181,999
1182,1190,999
1186,1184,62.3681
1186,1185,8.8653
1186,1182,999
1186,1186,0.0
1186,1191,62.378025
1186,1180,43.8454
1186,1183,999
1186,1181,42.3372
1186,1190,16.72648
1191,1184,37.055325
1191,1185,70.243325
1191,1182,999
1191,1186,62.378025
1191,1191,0.0
1191,1180,18.532625
1191,1183,999
1191,1181,21.040825
1191,1190,78.104505
1180,1184,18.5227
1180,1185,51.7107
1180,1182,999
1180,1186,43.8454
1180,1191,18.532625
1180,1180,0.0
1180,1183,999
1180,1181,2.5082
1180,1190,59.57188
1183,1184,999
1183,1185,999
1183,1182,999
1183,1186,999
1183,1191,999
1183,1180,999
1183,1183,0.0
1183,1181,999
1183,1190,999
1181,1184,21.0309
1181,1185,49.2025
1181,1182,999
1181,1186,42.3372
1181,1191,21.040825
1181,1180,2.5082
1181,1183,999
1181,1181,0.0
1181,1190,57.06368
1190,1184,78.09458
1190,1185,7.86118
1190,1182,999
1190,1186,16.72648
1190,1191,78.104505
1190,1180,59.57188
1190,1183,999
1190,1181,57.06368
1190,1190,0.0
