1228,1228,0.0
1228,1234,73.8409
1228,1232,35.09651
1228,1247,2.0
1228,1238,3.5
1228,1221,31.1589
1228,1244,2.02482
1228,1229,33.3424
1228,1253,65.1514
1228,1243,4.92312
1228,1226,37.3424
1228,1220,31.283378
1228,1224,30.17906
1228,1237,29.1589
1228,1248,30.90943
1234,1228,73.8409
1234,1234,0.0
1234,1232,50.61961
1234,1247,73.8409
1234,1238,73.3409
1234,1221,42.682
1234,1244,75.86572
1234,1229,48.8655
1234,1253,14.1254
1234,1243,78.76402
1234,1226,48.8655
1234,1220,42.806478
1234,1224,45.70216
1234,1237,44.682
1234,1248,46.43253
1232,1228,35.09651
1232,1234,50.61961
1232,1232,0.0
1232,1247,35.09651
1232,1238,34.59651
1232,1221,7.93761
1232,1244,37.12133
1232,1229,10.12111
1232,1253,63.74501
1232,1243,40.01963
1232,1226,11.12111
1232,1220,8.062088
1232,1224,6.95777
1232,1237,5.93761
1232,1248,7.68814
1247,1228,2.0
1247,1234,73.8409
1247,1232,35.09651
1247,1247,0.0
1247,1238,1.5
1247,1221,31.1589
1247,1244,4.02482
1247,1229,33.3424
1247,1253,67.1514
1247,1243,6.92312
1247,1226,37.3424
1247,1220,31.283378
1247,1224,30.17906
1247,1237,29.1589
1247,1248,30.90943
1238,1228,3.5
1238,1234,73.3409
1238,1232,34.59651
1238,1247,1.5
1238,1238,0.0
1238,1221,30.6589
1238,1244,4.52482
1238,1229,32.8424
1238,1253,68.6514
1238,1243,8.04588937482
1238,1226,36.8424
1238,1220,30.783378
1238,1224,29.67906
1238,1237,28.6589
1238,1248,30.40943
1221,1228,31.1589
1221,1234,42.682
1221,1232,7.93761
1221,1247,31.1589
1221,1238,30.6589
1221,1221,0.0
1221,1244,33.18372
1221,1229,6.1835
1221,1253,55.8074
1221,1243,36.08202
1221,1226,6.1835
1221,1220,0.124478
1221,1224,3.02016
1221,1237,2.0
1221,1248,3.75053
1244,1228,2.02482
1244,1234,75.86572
1244,1232,37.12133
1244,1247,4.02482
1244,1238,4.52482
1244,1221,33.18372
1244,1244,0.0
1244,1229,35.36722
1244,1253,67.17622
1244,1243,6.94794
1244,1226,39.36722
1244,1220,33.308198
1244,1224,32.20388
1244,1237,31.18372
1244,1248,32.93425
1229,1228,33.3424
1229,1234,48.8655
1229,1232,10.12111
1229,1247,33.3424
1229,1238,32.8424
1229,1221,6.1835
1229,1244,35.36722
1229,1229,0.0
1229,1253,61.9909
1229,1243,38.26552
1229,1226,4.87595735153
1229,1220,6.307978
1229,1224,5.20366
1229,1237,4.1835
1229,1248,5.93403
1253,1228,65.1514
1253,1234,14.1254
1253,1232,63.74501
1253,1247,67.1514
1253,1238,68.6514
1253,1221,55.8074
1253,1244,67.17622
1253,1229,61.9909
1253,1253,0.0
1253,1243,70.07452
1253,1226,61.9909
1253,1220,55.931878
1253,1224,58.82756
1253,1237,57.8074
1253,1248,59.55793
1243,1228,4.92312
1243,1234,78.76402
1243,1232,40.01963
1243,1247,6.92312
1243,1238,8.04588937482
1243,1221,36.08202
1243,1244,6.94794
1243,1229,38.26552
1243,1253,70.07452
1243,1243,0.0
1243,1226,42.26552
1243,1220,36.206498
1243,1224,35.10218
1243,1237,34.08202
1243,1248,35.83255
1226,1228,37.3424
1226,1234,48.8655
1226,1232,11.12111
1226,1247,37.3424
1226,1238,36.8424
1226,1221,6.1835
1226,1244,39.36722
1226,1229,4.87595735153
1226,1253,61.9909
1226,1243,42.26552
1226,1226,0.0
1226,1220,6.307978
1226,1224,9.20366
1226,1237,8.1835
1226,1248,9.93403
1220,1228,31.283378
1220,1234,42.806478
1220,1232,8.062088
1220,1247,31.283378
1220,1238,30.783378
1220,1221,0.124478
1220,1244,33.308198
1220,1229,6.307978
1220,1253,55.931878
1220,1243,36.206498
1220,1226,6.307978
1220,1220,0.0
1220,1224,3.144638
1220,1237,2.124478
1220,1248,3.875008
1224,1228,30.17906
1224,1234,45.70216
1224,1232,6.95777
1224,1247,30.17906
1224,1238,29.67906
1224,1221,3.02016
1224,1244,32.20388
1224,1229,5.20366
1224,1253,58.82756
1224,1243,35.10218
1224,1226,9.20366
1224,1220,3.144638
1224,1224,0.0
1224,1237,1.02016
1224,1248,2.77069
1237,1228,29.1589
1237,1234,44.682
1237,1232,5.93761
1237,1247,29.1589
1237,1238,28.6589
1237,1221,2.0
1237,1244,31.18372
1237,1229,4.1835
1237,1253,57.8074
1237,1243,34.08202
1237,1226,8.1835
1237,1220,2.124478
1237,1224,1.02016
1237,1237,0.0
1237,1248,1.75053
1248,1228,30.90943
1248,1234,46.43253
1248,1232,7.68814
1248,1247,30.90943
1248,1238,30.40943
1248,1221,3.75053
1248,1244,32.93425
1248,1229,5.93403
1248,1253,59.55793
1248,1243,35.83255
1248,1226,9.93403
1248,1220,3.875008
1248,1224,2.77069
1248,1237,1.75053
1248,1248,0.0
