160,160,0.0
160,159,1.344627
160,175,2.66508
160,170,0.5
160,176,17.373413
160,174,4.02496
160,148,23.027413
159,160,1.344627
159,159,0.0
159,175,4.009707
159,170,0.844627
159,176,17.71804
159,174,4.369587
159,148,23.37204
175,160,2.66508
175,159,4.009707
175,175,0.0
175,170,3.16508
175,176,20.038493
175,174,6.69004
175,148,25.692493
170,160,0.5
170,159,0.844627
170,175,3.16508
170,170,0.0
170,176,16.873413
170,174,3.52496
170,148,22.527413
176,160,17.373413
176,159,17.71804
176,175,20.038493
176,170,16.873413
176,176,0.0
176,174,20.398373
176,148,5.654
174,160,4.02496
174,159,4.369587
174,175,6.69004
174,170,3.52496
174,176,20.398373
174,174,0.0
174,148,26.052373
148,160,23.027413
148,159,23.37204
148,175,25.692493
148,170,22.527413
148,176,5.654
148,174,26.052373
148,148,0.0
