1326,1326,0.0
1326,1357,61.291978
1326,1352,13.625378
1326,1324,0.124478
1326,1321,3.392562
1326,1354,2.204188
1326,1325,2.124478
1326,1356,9.156468
1326,1343,33.596160519
1326,1336,6.3069729
1326,1332,5.289558
1326,1322,3.124478
1326,1335,6.225578
1326,1344,2.624478
1326,1348,2.624478
1326,1327,22.758578
1326,1329,6.091202
1326,1338,2.704188
1326,1353,29.009378
1326,1355,7.156468
1326,1347,1.124478
1326,1346,2.920284
1357,1326,61.291978
1357,1357,0.0
1357,1352,69.6684
1357,1324,61.1675
1357,1321,58.435584
1357,1354,62.24721
1357,1325,59.1675
1357,1356,66.19949
1357,1343,91.639182519
1357,1336,63.3499949
1357,1332,62.33258
1357,1322,58.1675
1357,1335,63.2686
1357,1344,59.6675
1357,1348,59.6675
1357,1327,79.8016
1357,1329,63.134224
1357,1338,62.74721
1357,1353,87.0524
1357,1355,64.19949
1357,1347,61.1675
1357,1346,59.963306
1352,1326,13.625378
1352,1357,69.6684
1352,1352,0.0
1352,1324,13.5009
1352,1321,11.768984
1352,1354,13.58061
1352,1325,12.5009
1352,1356,19.53289
1352,1343,44.972582519
1352,1336,15.6833949
1352,1332,13.66598
1352,1322,11.5009
1352,1335,15.602
1352,1344,12.0009
1352,1348,11.0009
1352,1327,31.135
1352,1329,14.467624
1352,1338,14.08061
1352,1353,40.3858
1352,1355,17.53289
1352,1347,12.5009
1352,1346,11.296706
1324,1326,0.124478
1324,1357,61.1675
1324,1352,13.5009
1324,1324,0.0
1324,1321,3.268084
1324,1354,2.07971
1324,1325,2.0
1324,1356,9.03199
1324,1343,33.471682519
1324,1336,6.1824949
1324,1332,5.16508
1324,1322,3.0
1324,1335,6.1011
1324,1344,2.5
1324,1348,2.5
1324,1327,22.6341
1324,1329,5.966724
1324,1338,2.57971
1324,1353,28.8849
1324,1355,7.03199
1324,1347,1.0
1324,1346,2.795806
1321,1326,3.392562
1321,1357,58.435584
1321,1352,11.768984
1321,1324,3.268084
1321,1321,0.0
1321,1354,4.347794
1321,1325,1.268084
1321,1356,8.300074
1321,1343,33.739766519
1321,1336,5.4505789
1321,1332,4.433164
1321,1322,0.268084
1321,1335,5.369184
1321,1344,1.768084
1321,1348,1.768084
1321,1327,21.902184
1321,1329,5.234808
1321,1338,4.847794
1321,1353,29.152984
1321,1355,6.300074
1321,1347,3.268084
1321,1346,2.06389
1354,1326,2.204188
1354,1357,62.24721
1354,1352,13.58061
1354,1324,2.07971
1354,1321,4.347794
1354,1354,0.0
1354,1325,4.07971
1354,1356,11.1117
1354,1343,33.551392519
1354,1336,7.2622049
1354,1332,5.24479
1354,1322,4.07971
1354,1335,7.18081
1354,1344,3.57971
1354,1348,2.57971
1354,1327,22.71381
1354,1329,6.046434
1354,1338,0.5
1354,1353,28.96461
1354,1355,9.1117
1354,1347,1.07971
1354,1346,2.875516
1325,1326,2.124478
1325,1357,59.1675
1325,1352,12.5009
1325,1324,2.0
1325,1321,1.268084
1325,1354,4.07971
1325,1325,0.0
1325,1356,7.03199
1325,1343,32.471682519
1325,1336,4.1824949
1325,1332,4.16508
1325,1322,1.0
1325,1335,4.1011
1325,1344,0.5
1325,1348,1.5
1325,1327,21.6341
1325,1329,4.966724
1325,1338,4.57971
1325,1353,27.8849
1325,1355,5.03199
1325,1347,3.0
1325,1346,1.795806
1356,1326,9.156468
1356,1357,66.19949
1356,1352,19.53289
1356,1324,9.03199
1356,1321,8.300074
1356,1354,11.1117
1356,1325,7.03199
1356,1356,0.0
1356,1343,39.503672519
1356,1336,11.2144849
1356,1332,11.19707
1356,1322,8.03199
1356,1335,11.13309
1356,1344,7.53199
1356,1348,8.53199
1356,1327,28.66609
1356,1329,11.998714
1356,1338,11.6117
1356,1353,34.91689
1356,1355,4.0
1356,1347,10.03199
1356,1346,8.827796
1343,1326,33.596160519
1343,1357,91.639182519
1343,1352,44.972582519
1343,1324,33.471682519
1343,1321,33.739766519
1343,1354,33.551392519
1343,1325,32.471682519
1343,1356,39.503672519
1343,1343,0.0
1343,1336,36.654177419
1343,1332,34.653268
1343,1322,33.471682519
1343,1335,36.572782519
1343,1344,32.971682519
1343,1348,33.971682519
1343,1327,54.105782519
1343,1329,33.851624
1343,1338,34.051392519
1343,1353,4.58678251896
1343,1355,37.503672519
1343,1347,32.471682519
1343,1346,34.267488519
1336,1326,6.3069729
1336,1357,63.3499949
1336,1352,15.6833949
1336,1324,6.1824949
1336,1321,5.4505789
1336,1354,7.2622049
1336,1325,4.1824949
1336,1356,11.2144849
1336,1343,36.654177419
1336,1336,0.0
1336,1332,7.3475749
1336,1322,5.1824949
1336,1335,0.0813949
1336,1344,3.6824949
1336,1348,4.6824949
1336,1327,24.8165949
1336,1329,8.1492189
1336,1338,7.7622049
1336,1353,32.0673949
1336,1355,9.2144849
1336,1347,6.1824949
1336,1346,4.9783009
1332,1326,5.289558
1332,1357,62.33258
1332,1352,13.66598
1332,1324,5.16508
1332,1321,4.433164
1332,1354,5.24479
1332,1325,4.16508
1332,1356,11.19707
1332,1343,34.653268
1332,1336,7.3475749
1332,1332,0.0
1332,1322,4.16508
1332,1335,7.26618
1332,1344,3.66508
1332,1348,2.66508
1332,1327,22.79918
1332,1329,0.801644
1332,1338,5.74479
1332,1353,32.04998
1332,1355,9.19707
1332,1347,4.16508
1332,1346,2.960886
1322,1326,3.124478
1322,1357,58.1675
1322,1352,11.5009
1322,1324,3.0
1322,1321,0.268084
1322,1354,4.07971
1322,1325,1.0
1322,1356,8.03199
1322,1343,33.471682519
1322,1336,5.1824949
1322,1332,4.16508
1322,1322,0.0
1322,1335,5.1011
1322,1344,1.5
1322,1348,1.5
1322,1327,21.6341
1322,1329,4.966724
1322,1338,4.57971
1322,1353,28.8849
1322,1355,6.03199
1322,1347,3.0
1322,1346,1.795806
1335,1326,6.225578
1335,1357,63.2686
1335,1352,15.602
1335,1324,6.1011
1335,1321,5.369184
1335,1354,7.18081
1335,1325,4.1011
1335,1356,11.13309
1335,1343,36.572782519
1335,1336,0.0813949
1335,1332,7.26618
1335,1322,5.1011
1335,1335,0.0
1335,1344,3.6011
1335,1348,4.6011
1335,1327,24.7352
1335,1329,8.067824
1335,1338,7.68081
1335,1353,31.986
1335,1355,9.13309
1335,1347,6.1011
1335,1346,4.896906
1344,1326,2.624478
1344,1357,59.6675
1344,1352,12.0009
1344,1324,2.5
1344,1321,1.768084
1344,1354,3.57971
1344,1325,0.5
1344,1356,7.53199
1344,1343,32.971682519
1344,1336,3.6824949
1344,1332,3.66508
1344,1322,1.5
1344,1335,3.6011
1344,1344,0.0
1344,1348,1.0
1344,1327,21.1341
1344,1329,4.466724
1344,1338,4.07971
1344,1353,28.3849
1344,1355,5.53199
1344,1347,2.5
1344,1346,1.295806
1348,1326,2.624478
1348,1357,59.6675
1348,1352,11.0009
1348,1324,2.5
1348,1321,1.768084
1348,1354,2.57971
1348,1325,1.5
1348,1356,8.53199
1348,1343,33.971682519
1348,1336,4.6824949
1348,1332,2.66508
1348,1322,1.5
1348,1335,4.6011
1348,1344,1.0
1348,1348,0.0
1348,1327,20.1341
1348,1329,3.466724
1348,1338,3.07971
1348,1353,29.3849
1348,1355,6.53199
1348,1347,1.5
1348,1346,0.295806
1327,1326,22.758578
1327,1357,79.8016
1327,1352,31.135
1327,1324,22.6341
1327,1321,21.902184
1327,1354,22.71381
1327,1325,21.6341
1327,1356,28.66609
1327,1343,54.105782519
1327,1336,24.8165949
1327,1332,22.79918
1327,1322,21.6341
1327,1335,24.7352
1327,1344,21.1341
1327,1348,20.1341
1327,1327,0.0
1327,1329,23.600824
1327,1338,23.21381
1327,1353,49.519
1327,1355,26.66609
1327,1347,21.6341
1327,1346,20.429906
1329,1326,6.091202
1329,1357,63.134224
1329,1352,14.467624
1329,1324,5.966724
1329,1321,5.234808
1329,1354,6.046434
1329,1325,4.966724
1329,1356,11.998714
1329,1343,33.851624
1329,1336,8.1492189
1329,1332,0.801644
1329,1322,4.966724
1329,1335,8.067824
1329,1344,4.466724
1329,1348,3.466724
1329,1327,23.600824
1329,1329,0.0
1329,1338,6.546434
1329,1353,32.851624
1329,1355,9.998714
1329,1347,4.966724
1329,1346,3.76253
1338,1326,2.704188
1338,1357,62.74721
1338,1352,14.08061
1338,1324,2.57971
1338,1321,4.847794
1338,1354,0.5
1338,1325,4.57971
1338,1356,11.6117
1338,1343,34.051392519
1338,1336,7.7622049
1338,1332,5.74479
1338,1322,4.57971
1338,1335,7.68081
1338,1344,4.07971
1338,1348,3.07971
1338,1327,23.21381
1338,1329,6.546434
1338,1338,0.0
1338,1353,29.46461
1338,1355,9.6117
1338,1347,1.57971
1338,1346,3.375516
1353,1326,29.009378
1353,1357,87.0524
1353,1352,40.3858
1353,1324,28.8849
1353,1321,29.152984
1353,1354,28.96461
1353,1325,27.8849
1353,1356,34.91689
1353,1343,4.58678251896
1353,1336,32.0673949
1353,1332,32.04998
1353,1322,28.8849
1353,1335,31.986
1353,1344,28.3849
1353,1348,29.3849
1353,1327,49.519
1353,1329,32.851624
1353,1338,29.46461
1353,1353,0.0
1353,1355,32.91689
1353,1347,27.8849
1353,1346,29.680706
1355,1326,7.156468
1355,1357,64.19949
1355,1352,17.53289
1355,1324,7.03199
1355,1321,6.300074
1355,1354,9.1117
1355,1325,5.03199
1355,1356,4.0
1355,1343,37.503672519
1355,1336,9.2144849
1355,1332,9.19707
1355,1322,6.03199
1355,1335,9.13309
1355,1344,5.53199
1355,1348,6.53199
1355,1327,26.66609
1355,1329,9.998714
1355,1338,9.6117
1355,1353,32.91689
1355,1355,0.0
1355,1347,8.03199
1355,1346,6.827796
1347,1326,1.124478
1347,1357,61.1675
1347,1352,12.5009
1347,1324,1.0
1347,1321,3.268084
1347,1354,1.07971
1347,1325,3.0
1347,1356,10.03199
1347,1343,32.471682519
1347,1336,6.1824949
1347,1332,4.16508
1347,1322,3.0
1347,1335,6.1011
1347,1344,2.5
1347,1348,1.5
1347,1327,21.6341
1347,1329,4.966724
1347,1338,1.57971
1347,1353,27.8849
1347,1355,8.03199
1347,1347,0.0
1347,1346,1.795806
1346,1326,2.920284
1346,1357,59.963306
1346,1352,11.296706
1346,1324,2.795806
1346,1321,2.06389
1346,1354,2.875516
1346,1325,1.795806
1346,1356,8.827796
1346,1343,34.267488519
1346,1336,4.9783009
1346,1332,2.960886
1346,1322,1.795806
1346,1335,4.896906
1346,1344,1.295806
1346,1348,0.295806
1346,1327,20.429906
1346,1329,3.76253
1346,1338,3.375516
1346,1353,29.680706
1346,1355,6.827796
1346,1347,1.795806
1346,1346,0.0
