1377,1377,0.0
1377,1364,20.321
1377,1365,50.5702
1377,1369,44.0302
1377,1367,50.0702
1377,1360,4.39034
1377,1374,14.56962
1377,1371,19.821
1377,1373,50.0702
1377,1368,12.56962
1377,1363,2.0
1377,1372,19.321
1377,1376,48.0702
1377,1362,2.124478
1364,1377,20.321
1364,1364,0.0
1364,1365,31.2492
1364,1369,61.3512
1364,1367,30.7492
1364,1360,21.71134
1364,1374,6.75138
1364,1371,1.5
1364,1373,30.7492
1364,1368,7.75138
1364,1363,19.321
1364,1372,1.0
1364,1376,28.7492
1364,1362,19.445478
1365,1377,50.5702
1365,1364,31.2492
1365,1365,0.0
1365,1369,92.6004
1365,1367,2.5
1365,1360,52.96054
1365,1374,38.00058
1365,1371,31.7492
1365,1373,4.5
1365,1368,38.00058
1365,1363,50.5702
1365,1372,31.2492
1365,1376,2.5
1365,1362,50.694678
1369,1377,44.0302
1369,1364,61.3512
1369,1365,92.6004
1369,1369,0.0
1369,1367,92.1004
1369,1360,44.42054
1369,1374,54.59982
1369,1371,61.8512
1369,1373,92.1004
1369,1368,56.59982
1369,1363,42.0302
1369,1372,62.3512
1369,1376,90.1004
1369,1362,42.154678
1367,1377,50.0702
1367,1364,30.7492
1367,1365,2.5
1367,1369,92.1004
1367,1367,0.0
1367,1360,52.46054
1367,1374,37.50058
1367,1371,31.2492
1367,1373,3.0
1367,1368,37.50058
1367,1363,50.0702
1367,1372,30.7492
1367,1376,2.0
1367,1362,50.194678
1360,1377,4.39034
1360,1364,21.71134
1360,1365,52.96054
1360,1369,44.42054
1360,1367,52.46054
1360,1360,0.0
1360,1374,14.95996
1360,1371,22.21134
1360,1373,52.46054
1360,1368,16.95996
1360,1363,2.39034
1360,1372,22.71134
1360,1376,50.46054
1360,1362,2.514818
1374,1377,14.56962
1374,1364,6.75138
1374,1365,38.00058
1374,1369,54.59982
1374,1367,37.50058
1374,1360,14.95996
1374,1374,0.0
1374,1371,8.25138
1374,1373,37.50058
1374,1368,2.0
1374,1363,12.56962
1374,1372,7.75138
1374,1376,35.50058
1374,1362,12.694098
1371,1377,19.821
1371,1364,1.5
1371,1365,31.7492
1371,1369,61.8512
1371,1367,31.2492
1371,1360,22.21134
1371,1374,8.25138
1371,1371,0.0
1371,1373,31.2492
1371,1368,7.25138
1371,1363,19.821
1371,1372,2.5
1371,1376,29.2492
1371,1362,19.945478
1373,1377,50.0702
1373,1364,30.7492
1373,1365,4.5
1373,1369,92.1004
1373,1367,3.0
1373,1360,52.46054
1373,1374,37.50058
1373,1371,31.2492
1373,1373,0.0
1373,1368,37.50058
1373,1363,50.0702
1373,1372,30.7492
1373,1376,2.0
1373,1362,50.194678
1368,1377,12.56962
1368,1364,7.75138
1368,1365,38.00058
1368,1369,56.59982
1368,1367,37.50058
1368,1360,16.95996
1368,1374,2.0
1368,1371,7.25138
1368,1373,37.50058
1368,1368,0.0
1368,1363,14.56962
1368,1372,6.75138
1368,1376,35.50058
1368,1362,14.694098
1363,1377,2.0
1363,1364,19.321
1363,1365,50.5702
1363,1369,42.0302
1363,1367,50.0702
1363,1360,2.39034
1363,1374,12.56962
1363,1371,19.821
1363,1373,50.0702
1363,1368,14.56962
1363,1363,0.0
1363,1372,20.321
1363,1376,48.0702
1363,1362,0.124478
1372,1377,19.321
1372,1364,1.0
1372,1365,31.2492
1372,1369,62.3512
1372,1367,30.7492
1372,1360,22.71134
1372,1374,7.75138
1372,1371,2.5
1372,1373,30.7492
1372,1368,6.75138
1372,1363,20.321
1372,1372,0.0
1372,1376,28.7492
1372,1362,20.445478
1376,1377,48.0702
1376,1364,28.7492
1376,1365,2.5
1376,1369,90.1004
1376,1367,2.0
1376,1360,50.46054
1376,1374,35.50058
1376,1371,29.2492
1376,1373,2.0
1376,1368,35.50058
1376,1363,48.0702
1376,1372,28.7492
1376,1376,0.0
1376,1362,48.194678
1362,1377,2.124478
1362,1364,19.445478
1362,1365,50.694678
1362,1369,42.154678
1362,1367,50.194678
1362,1360,2.514818
1362,1374,12.694098
1362,1371,19.945478
1362,1373,50.194678
1362,1368,14.694098
1362,1363,0.124478
1362,1372,20.445478
1362,1376,48.194678
1362,1362,0.0
