1380,1380,0.0
1380,1388,15.53686
1380,1395,11.69029
1380,1382,18.81691
1380,1398,999
1380,1392,8.00453
1380,1386,14.24125
1380,1391,12.25053
1388,1380,15.53686
1388,1388,0.0
1388,1395,10.86199
1388,1382,10.85271
1388,1398,999
1388,1392,12.99937
1388,1386,15.42837
1388,1391,3.28633
1395,1380,11.69029
1395,1388,10.86199
1395,1395,0.0
1395,1382,12.14204
1395,1398,999
1395,1392,7.13738
1395,1386,6.56638
1395,1391,7.57566
1382,1380,18.81691
1382,1388,10.85271
1382,1395,12.14204
1382,1382,0.0
1382,1398,999
1382,1392,17.27942
1382,1386,5.57566
1382,1391,7.56638
1398,1380,999
1398,1388,999
1398,1395,999
1398,1382,999
1398,1398,0.0
1398,1392,999
1398,1386,999
1398,1391,999
1392,1380,8.00453
1392,1388,12.99937
1392,1395,7.13738
1392,1382,17.27942
1392,1398,999
1392,1392,0.0
1392,1386,12.70376
1392,1391,9.71304
1386,1380,14.24125
1386,1388,15.42837
1386,1395,6.56638
1386,1382,5.57566
1386,1398,999
1386,1392,12.70376
1386,1386,0.0
1386,1391,12.14204
1391,1380,12.25053
1391,1388,3.28633
1391,1395,7.57566
1391,1382,7.56638
1391,1398,999
1391,1392,9.71304
1391,1386,12.14204
1391,1391,0.0
