1413,1413,0.0
1413,1411,999
1413,1410,0.5
1413,1405,4.7344
1413,1409,17.2862
1413,1407,18.3654
1413,1412,999
1411,1413,999
1411,1411,0.0
1411,1410,999
1411,1405,999
1411,1409,999
1411,1407,999
1411,1412,999
1410,1413,0.5
1410,1411,999
1410,1410,0.0
1410,1405,4.2344
1410,1409,16.7862
1410,1407,18.8654
1410,1412,999
1405,1413,4.7344
1405,1411,999
1405,1410,4.2344
1405,1405,0.0
1405,1409,13.5518
1405,1407,16.631
1405,1412,999
1409,1413,17.2862
1409,1411,999
1409,1410,16.7862
1409,1405,13.5518
1409,1409,0.0
1409,1407,3.0792
1409,1412,999
1407,1413,18.3654
1407,1411,999
1407,1410,18.8654
1407,1405,16.631
1407,1409,3.0792
1407,1407,0.0
1407,1412,999
1412,1413,999
1412,1411,999
1412,1410,999
1412,1405,999
1412,1409,999
1412,1407,999
1412,1412,0.0
