1415,1415,0.0
1415,1418,19.5321
1415,1422,19.48343
1415,1419,15.7744
1415,1416,999
1415,1417,1.0
1415,1414,1.5
1415,1420,20.15943
1415,1421,19.3094
1418,1415,19.5321
1418,1418,0.0
1418,1422,3.30333
1418,1419,9.01236
1418,1416,999
1418,1417,20.5321
1418,1414,21.0321
1418,1420,1.62733
1418,1421,2.47736
1422,1415,19.48343
1422,1418,3.30333
1422,1422,0.0
1422,1419,9.06103
1422,1416,999
1422,1417,20.48343
1422,1414,20.98343
1422,1420,1.676
1422,1421,2.52603
1419,1415,15.7744
1419,1418,9.01236
1419,1422,9.06103
1419,1419,0.0
1419,1416,999
1419,1417,14.7744
1419,1414,15.2744
1419,1420,7.38503
1419,1421,8.23506
1416,1415,999
1416,1418,999
1416,1422,999
1416,1419,999
1416,1416,0.0
1416,1417,999
1416,1414,999
1416,1420,999
1416,1421,999
1417,1415,1.0
1417,1418,20.5321
1417,1422,20.48343
1417,1419,14.7744
1417,1416,999
1417,1417,0.0
1417,1414,1.5
1417,1420,21.15943
1417,1421,20.3094
1414,1415,1.5
1414,1418,21.0321
1414,1422,20.98343
1414,1419,15.2744
1414,1416,999
1414,1417,1.5
1414,1414,0.0
1414,1420,21.65943
1414,1421,20.8094
1420,1415,20.15943
1420,1418,1.62733
1420,1422,1.676
1420,1419,7.38503
1420,1416,999
1420,1417,21.15943
1420,1414,21.65943
1420,1420,0.0
1420,1421,0.85003
1421,1415,19.3094
1421,1418,2.47736
1421,1422,2.52603
1421,1419,8.23506
1421,1416,999
1421,1417,20.3094
1421,1414,20.8094
1421,1420,0.85003
1421,1421,0.0
