1485,1485,0.0
1485,1459,999
1485,1466,12.0954831
1485,1468,11.5954831
1485,1486,0.0621431
1485,1460,999
1485,1488,23.6938831
1485,1464,0.5621431
1485,1477,9.6488531
1485,1465,999
1485,1462,999
1485,1461,999
1485,1471,2.4763331
1485,1463,999
1459,1485,999
1459,1459,0.0
1459,1466,999
1459,1468,999
1459,1486,999
1459,1460,999
1459,1488,999
1459,1464,999
1459,1477,999
1459,1465,999
1459,1462,999
1459,1461,999
1459,1471,999
1459,1463,999
1466,1485,12.0954831
1466,1459,999
1466,1466,0.0
1466,1468,1.5
1466,1486,12.03334
1466,1460,999
1466,1488,13.5984
1466,1464,12.53334
1466,1477,2.44663
1466,1465,999
1466,1462,999
1466,1461,999
1466,1471,10.61915
1466,1463,999
1468,1485,11.5954831
1468,1459,999
1468,1466,1.5
1468,1468,0.0
1468,1486,11.53334
1468,1460,999
1468,1488,12.0984
1468,1464,12.03334
1468,1477,2.94663
1468,1465,999
1468,1462,999
1468,1461,999
1468,1471,9.11915
1468,1463,999
1486,1485,0.0621431
1486,1459,999
1486,1466,12.03334
1486,1468,11.53334
1486,1486,0.0
1486,1460,999
1486,1488,23.63174
1486,1464,0.5
1486,1477,9.58671
1486,1465,999
1486,1462,999
1486,1461,999
1486,1471,2.41419
1486,1463,999
1460,1485,999
1460,1459,999
1460,1466,999
1460,1468,999
1460,1486,999
1460,1460,0.0
1460,1488,999
1460,1464,999
1460,1477,999
1460,1465,999
1460,1462,999
1460,1461,0.261255
1460,1471,999
1460,1463,999
1488,1485,23.6938831
1488,1459,999
1488,1466,13.5984
1488,1468,12.0984
1488,1486,23.63174
1488,1460,999
1488,1488,0.0
1488,1464,24.13174
1488,1477,15.04503
1488,1465,999
1488,1462,999
1488,1461,999
1488,1471,21.21755
1488,1463,999
1464,1485,0.5621431
1464,1459,999
1464,1466,12.53334
1464,1468,12.03334
1464,1486,0.5
1464,1460,999
1464,1488,24.13174
1464,1464,0.0
1464,1477,10.08671
1464,1465,999
1464,1462,999
1464,1461,999
1464,1471,2.91419
1464,1463,999
1477,1485,9.6488531
1477,1459,999
1477,1466,2.44663
1477,1468,2.94663
1477,1486,9.58671
1477,1460,999
1477,1488,15.04503
1477,1464,10.08671
1477,1477,0.0
1477,1465,999
1477,1462,999
1477,1461,999
1477,1471,11.0009
1477,1463,999
1465,1485,999
1465,1459,999
1465,1466,999
1465,1468,999
1465,1486,999
1465,1460,999
1465,1488,999
1465,1464,999
1465,1477,999
1465,1465,0.0
1465,1462,999
1465,1461,999
1465,1471,999
1465,1463,999
1462,1485,999
1462,1459,999
1462,1466,999
1462,1468,999
1462,1486,999
1462,1460,999
1462,1488,999
1462,1464,999
1462,1477,999
1462,1465,999
1462,1462,0.0
1462,1461,999
1462,1471,999
1462,1463,999
1461,1485,999
1461,1459,999
1461,1466,999
1461,1468,999
1461,1486,999
1461,1460,0.261255
1461,1488,999
1461,1464,999
1461,1477,999
1461,1465,999
1461,1462,999
1461,1461,0.0
1461,1471,999
1461,1463,999
1471,1485,2.4763331
1471,1459,999
1471,1466,10.61915
1471,1468,9.11915
1471,1486,2.41419
1471,1460,999
1471,1488,21.21755
1471,1464,2.91419
1471,1477,11.0009
1471,1465,999
1471,1462,999
1471,1461,999
1471,1471,0.0
1471,1463,999
1463,1485,999
1463,1459,999
1463,1466,999
1463,1468,999
1463,1486,999
1463,1460,999
1463,1488,999
1463,1464,999
1463,1477,999
1463,1465,999
1463,1462,999
1463,1461,999
1463,1471,999
1463,1463,0.0
