1524,1524,0.0
1524,1511,999
1524,1526,999
1524,1512,999
1524,1523,1.30596
1524,1516,5.35856
1524,1518,7.88846
1524,1515,6.303028
1524,1509,999
1524,1510,2.90173
1524,1520,3.601474
1524,1517,3.6353
1524,1514,3.01843
1524,1522,11.36707
1524,1519,999
1524,1521,8.2722
1511,1524,999
1511,1511,0.0
1511,1526,999
1511,1512,1.76306
1511,1523,999
1511,1516,999
1511,1518,999
1511,1515,999
1511,1509,999
1511,1510,999
1511,1520,999
1511,1517,999
1511,1514,999
1511,1522,999
1511,1519,999
1511,1521,999
1526,1524,999
1526,1511,999
1526,1526,0.0
1526,1512,999
1526,1523,999
1526,1516,999
1526,1518,999
1526,1515,999
1526,1509,999
1526,1510,999
1526,1520,999
1526,1517,999
1526,1514,999
1526,1522,999
1526,1519,14.1254
1526,1521,999
1512,1524,999
1512,1511,1.76306
1512,1526,999
1512,1512,0.0
1512,1523,999
1512,1516,999
1512,1518,999
1512,1515,999
1512,1509,999
1512,1510,999
1512,1520,999
1512,1517,999
1512,1514,999
1512,1522,999
1512,1519,999
1512,1521,999
1523,1524,1.30596
1523,1511,999
1523,1526,999
1523,1512,999
1523,1523,0.0
1523,1516,4.0526
1523,1518,6.5825
1523,1515,4.997068
1523,1509,999
1523,1510,1.59577
1523,1520,2.295514
1523,1517,2.32934
1523,1514,1.71247
1523,1522,10.06111
1523,1519,999
1523,1521,6.96624
1516,1524,5.35856
1516,1511,999
1516,1526,999
1516,1512,999
1516,1523,4.0526
1516,1516,0.0
1516,1518,2.5299
1516,1515,0.944468
1516,1509,999
1516,1510,2.45683
1516,1520,1.757086
1516,1517,6.38194
1516,1514,2.34013
1516,1522,6.00851
1516,1519,999
1516,1521,7.5939
1518,1524,7.88846
1518,1511,999
1518,1526,999
1518,1512,999
1518,1523,6.5825
1518,1516,2.5299
1518,1518,0.0
1518,1515,3.474368
1518,1509,999
1518,1510,4.98673
1518,1520,4.286986
1518,1517,8.91184
1518,1514,4.87003
1518,1522,8.53841
1518,1519,999
1518,1521,10.1238
1515,1524,6.303028
1515,1511,999
1515,1526,999
1515,1512,999
1515,1523,4.997068
1515,1516,0.944468
1515,1518,3.474368
1515,1515,0.0
1515,1509,999
1515,1510,3.401298
1515,1520,2.701554
1515,1517,7.326408
1515,1514,3.284598
1515,1522,6.952978
1515,1519,999
1515,1521,8.538368
1509,1524,999
1509,1511,999
1509,1526,999
1509,1512,999
1509,1523,999
1509,1516,999
1509,1518,999
1509,1515,999
1509,1509,0.0
1509,1510,999
1509,1520,999
1509,1517,999
1509,1514,999
1509,1522,999
1509,1519,999
1509,1521,999
1510,1524,2.90173
1510,1511,999
1510,1526,999
1510,1512,999
1510,1523,1.59577
1510,1516,2.45683
1510,1518,4.98673
1510,1515,3.401298
1510,1509,999
1510,1510,0.0
1510,1520,0.699744
1510,1517,3.92511
1510,1514,3.30824
1510,1522,8.46534
1510,1519,999
1510,1521,8.56201
1520,1524,3.601474
1520,1511,999
1520,1526,999
1520,1512,999
1520,1523,2.295514
1520,1516,1.757086
1520,1518,4.286986
1520,1515,2.701554
1520,1509,999
1520,1510,0.699744
1520,1520,0.0
1520,1517,4.624854
1520,1514,4.007984
1520,1522,7.765596
1520,1519,999
1520,1521,9.261754
1517,1524,3.6353
1517,1511,999
1517,1526,999
1517,1512,999
1517,1523,2.32934
1517,1516,6.38194
1517,1518,8.91184
1517,1515,7.326408
1517,1509,999
1517,1510,3.92511
1517,1520,4.624854
1517,1517,0.0
1517,1514,4.04181
1517,1522,12.39045
1517,1519,999
1517,1521,9.29558
1514,1524,3.01843
1514,1511,999
1514,1526,999
1514,1512,999
1514,1523,1.71247
1514,1516,2.34013
1514,1518,4.87003
1514,1515,3.284598
1514,1509,999
1514,1510,3.30824
1514,1520,4.007984
1514,1517,4.04181
1514,1514,0.0
1514,1522,8.34864
1514,1519,999
1514,1521,5.25377
1522,1524,11.36707
1522,1511,999
1522,1526,999
1522,1512,999
1522,1523,10.06111
1522,1516,6.00851
1522,1518,8.53841
1522,1515,6.952978
1522,1509,999
1522,1510,8.46534
1522,1520,7.765596
1522,1517,12.39045
1522,1514,8.34864
1522,1522,0.0
1522,1519,999
1522,1521,13.60241
1519,1524,999
1519,1511,999
1519,1526,14.1254
1519,1512,999
1519,1523,999
1519,1516,999
1519,1518,999
1519,1515,999
1519,1509,999
1519,1510,999
1519,1520,999
1519,1517,999
1519,1514,999
1519,1522,999
1519,1519,0.0
1519,1521,999
1521,1524,8.2722
1521,1511,999
1521,1526,999
1521,1512,999
1521,1523,6.96624
1521,1516,7.5939
1521,1518,10.1238
1521,1515,8.538368
1521,1509,999
1521,1510,8.56201
1521,1520,9.261754
1521,1517,9.29558
1521,1514,5.25377
1521,1522,13.60241
1521,1519,999
1521,1521,0.0
