1539,1539,0.0
1539,1541,1.768084
1539,1543,2.268084
1539,1555,1.768084
1539,1538,0.268084
1539,1559,8.8206471
1539,1561,7.232344
1539,1551,10.258504
1539,1542,2.916404
1539,1558,37.096304
1539,1549,3.268084
1539,1560,8.758504
1539,1554,6.058874
1539,1540,2.029339
1539,1544,9.758504
1539,1552,9.258504
1541,1539,1.768084
1541,1541,0.0
1541,1543,0.5
1541,1555,3.0
1541,1538,1.5
1541,1559,10.0525631
1541,1561,5.46426
1541,1551,11.49042
1541,1542,2.14832
1541,1558,37.32822
1541,1549,1.5
1541,1560,9.99042
1541,1554,6.29079
1541,1540,0.261255
1541,1544,10.99042
1541,1552,9.49042
1543,1539,2.268084
1543,1541,0.5
1543,1543,0.0
1543,1555,3.5
1543,1538,2.0
1543,1559,10.5525631
1543,1561,5.96426
1543,1551,11.99042
1543,1542,2.64832
1543,1558,37.82822
1543,1549,2.0
1543,1560,10.49042
1543,1554,6.79079
1543,1540,0.761255
1543,1544,11.49042
1543,1552,9.99042
1555,1539,1.768084
1555,1541,3.0
1555,1543,3.5
1555,1555,0.0
1555,1538,1.5
1555,1559,8.0525631
1555,1561,7.46426
1555,1551,9.49042
1555,1542,4.14832
1555,1558,36.32822
1555,1549,1.5
1555,1560,7.99042
1555,1554,4.29079
1555,1540,3.261255
1555,1544,8.99042
1555,1552,8.49042
1538,1539,0.268084
1538,1541,1.5
1538,1543,2.0
1538,1555,1.5
1538,1538,0.0
1538,1559,8.5525631
1538,1561,6.96426
1538,1551,9.99042
1538,1542,2.64832
1538,1558,36.82822
1538,1549,3.0
1538,1560,8.49042
1538,1554,5.79079
1538,1540,1.761255
1538,1544,9.49042
1538,1552,8.99042
1559,1539,8.8206471
1559,1541,10.0525631
1559,1543,10.5525631
1559,1555,8.0525631
1559,1538,8.5525631
1559,1559,0.0
1559,1561,14.5168231
1559,1551,1.5621431
1559,1542,11.2008831
1559,1558,28.3999431
1559,1549,8.5525631
1559,1560,0.0621431
1559,1554,12.3433531
1559,1540,10.3138181
1559,1544,1.0621431
1559,1552,0.5621431
1561,1539,7.232344
1561,1541,5.46426
1561,1543,5.96426
1561,1555,7.46426
1561,1538,6.96426
1561,1559,14.5168231
1561,1561,0.0
1561,1551,15.95468
1561,1542,7.61258
1561,1558,41.79248
1561,1549,5.96426
1561,1560,14.45468
1561,1554,10.75505
1561,1540,5.725515
1561,1544,15.45468
1561,1552,13.95468
1551,1539,10.258504
1551,1541,11.49042
1551,1543,11.99042
1551,1555,9.49042
1551,1538,9.99042
1551,1559,1.5621431
1551,1561,15.95468
1551,1551,0.0
1551,1542,12.63874
1551,1558,29.8378
1551,1549,9.99042
1551,1560,1.5
1551,1554,13.78121
1551,1540,11.751675
1551,1544,1.5
1551,1552,2.0
1542,1539,2.916404
1542,1541,2.14832
1542,1543,2.64832
1542,1555,4.14832
1542,1538,2.64832
1542,1559,11.2008831
1542,1561,7.61258
1542,1551,12.63874
1542,1542,0.0
1542,1558,39.47654
1542,1549,3.64832
1542,1560,11.13874
1542,1554,8.43911
1542,1540,2.409575
1542,1544,12.13874
1542,1552,11.63874
1558,1539,37.096304
1558,1541,37.32822
1558,1543,37.82822
1558,1555,36.32822
1558,1538,36.82822
1558,1559,28.3999431
1558,1561,41.79248
1558,1551,29.8378
1558,1542,39.47654
1558,1558,0.0
1558,1549,35.82822
1558,1560,28.3378
1558,1554,40.61901
1558,1540,37.589475
1558,1544,29.3378
1558,1552,27.8378
1549,1539,3.268084
1549,1541,1.5
1549,1543,2.0
1549,1555,1.5
1549,1538,3.0
1549,1559,8.5525631
1549,1561,5.96426
1549,1551,9.99042
1549,1542,3.64832
1549,1558,35.82822
1549,1549,0.0
1549,1560,8.49042
1549,1554,4.79079
1549,1540,1.761255
1549,1544,9.49042
1549,1552,7.99042
1560,1539,8.758504
1560,1541,9.99042
1560,1543,10.49042
1560,1555,7.99042
1560,1538,8.49042
1560,1559,0.0621431
1560,1561,14.45468
1560,1551,1.5
1560,1542,11.13874
1560,1558,28.3378
1560,1549,8.49042
1560,1560,0.0
1560,1554,12.28121
1560,1540,10.251675
1560,1544,1.0
1560,1552,0.5
1554,1539,6.058874
1554,1541,6.29079
1554,1543,6.79079
1554,1555,4.29079
1554,1538,5.79079
1554,1559,12.3433531
1554,1561,10.75505
1554,1551,13.78121
1554,1542,8.43911
1554,1558,40.61901
1554,1549,4.79079
1554,1560,12.28121
1554,1554,0.0
1554,1540,6.552045
1554,1544,13.28121
1554,1552,12.78121
1540,1539,2.029339
1540,1541,0.261255
1540,1543,0.761255
1540,1555,3.261255
1540,1538,1.761255
1540,1559,10.3138181
1540,1561,5.725515
1540,1551,11.751675
1540,1542,2.409575
1540,1558,37.589475
1540,1549,1.761255
1540,1560,10.251675
1540,1554,6.552045
1540,1540,0.0
1540,1544,11.251675
1540,1552,9.751675
1544,1539,9.758504
1544,1541,10.99042
1544,1543,11.49042
1544,1555,8.99042
1544,1538,9.49042
1544,1559,1.0621431
1544,1561,15.45468
1544,1551,1.5
1544,1542,12.13874
1544,1558,29.3378
1544,1549,9.49042
1544,1560,1.0
1544,1554,13.28121
1544,1540,11.251675
1544,1544,0.0
1544,1552,1.5
1552,1539,9.258504
1552,1541,9.49042
1552,1543,9.99042
1552,1555,8.49042
1552,1538,8.99042
1552,1559,0.5621431
1552,1561,13.95468
1552,1551,2.0
1552,1542,11.63874
1552,1558,27.8378
1552,1549,7.99042
1552,1560,0.5
1552,1554,12.78121
1552,1540,9.751675
1552,1544,1.5
1552,1552,0.0
