256,256,0.0
256,244,9.45949943497
256,254,9.3726
256,230,15.92942
256,251,15.59039
256,235,14.01854
256,257,11.09669
256,259,10.27542
256,253,7.57173
256,258,10.3204
256,242,10.08208
244,256,9.45949943497
244,244,0.0
244,254,0.0868994349703
244,230,6.55682
244,251,25.049889435
244,235,23.478039435
244,257,20.556189435
244,259,0.90282
244,253,17.031229435
244,258,19.779899435
244,242,19.541579435
254,256,9.3726
254,244,0.0868994349703
254,254,0.0
254,230,6.55682
254,251,24.96299
254,235,23.39114
254,257,20.46929
254,259,0.90282
254,253,16.94433
254,258,19.693
254,242,19.45468
230,256,15.92942
230,244,6.55682
230,254,6.55682
230,230,0.0
230,251,31.51981
230,235,29.94796
230,257,27.02611
230,259,5.654
230,253,23.50115
230,258,26.24982
230,242,26.0115
251,256,15.59039
251,244,25.049889435
251,254,24.96299
251,230,31.51981
251,251,0.0
251,235,1.57185
251,257,11.54362
251,259,25.86581
251,253,8.01866
251,258,8.17339
251,242,5.50831
235,256,14.01854
235,244,23.478039435
235,254,23.39114
235,230,29.94796
235,251,1.57185
235,235,0.0
235,257,9.97177
235,259,24.29396
235,253,6.44681
235,258,6.60154
235,242,3.93646
257,256,11.09669
257,244,20.556189435
257,254,20.46929
257,230,27.02611
257,251,11.54362
257,235,9.97177
257,257,0.0
257,259,21.37211
257,253,3.52496
257,258,6.27363
257,242,6.03531
259,256,10.27542
259,244,0.90282
259,254,0.90282
259,230,5.654
259,251,25.86581
259,235,24.29396
259,257,21.37211
259,259,0.0
259,253,17.84715
259,258,20.59582
259,242,20.3575
253,256,7.57173
253,244,17.031229435
253,254,16.94433
253,230,23.50115
253,251,8.01866
253,235,6.44681
253,257,3.52496
253,259,17.84715
253,253,0.0
253,258,2.74867
253,242,2.51035
258,256,10.3204
258,244,19.779899435
258,254,19.693
258,230,26.24982
258,251,8.17339
258,235,6.60154
258,257,6.27363
258,259,20.59582
258,253,2.74867
258,258,0.0
258,242,2.66508
242,256,10.08208
242,244,19.541579435
242,254,19.45468
242,230,26.0115
242,251,5.50831
242,235,3.93646
242,257,6.03531
242,259,20.3575
242,253,2.51035
242,258,2.66508
242,242,0.0
